8,20,37,16,39,9
5,37,30,23,16,12
1,4,13,5,34,10
27,17,5,28,22,8
14,35,32,39,29,20
21,14,20,35,4,10
22,16,28,13,11,13
31,7,27,21,13,3
29,42,14,21,34,13
15,18,42,22,3,14
45,16,2,5,35,13
28,5,36,25,38,3
45,8,24,37,35,20
19,20,43,10,4,16
11,19,6,29,17,16
27,5,2,15,42,19
29,13,44,11,17,9
10,36,6,43,9,17
11,45,12,19,43,17
10,37,35,36,18,3
38,22,32,7,3,20
21,44,13,18,27,18
15,6,2,14,8,2
5,3,43,7,42,20
1,24,28,31,22,4
3,40,10,34,25,10
23,40,10,17,14,20
25,43,24,28,15,17
36,26,44,27,13,9
45,32,2,34,21,6
29,2,19,12,30,7
14,16,39,36,27,2
19,7,2,21,12,2
43,13,15,29,36,16
13,41,7,28,42,4
14,29,33,44,10,16
6,13,5,43,22,11
4,42,14,39,24,6
16,25,24,31,4,3
25,41,18,36,22,20
40,4,20,32,7,4
37,20,24,1,25,11
12,25,7,34,3,8
33,43,10,40,15,5
10,34,1,41,40,6
20,29,22,16,42,1
13,31,39,17,14,14
44,33,34,26,25,7
1,42,40,12,36,19
42,30,40,39,35,18
27,41,25,15,30,15
42,11,20,23,1,8
11,31,10,20,16,15
2,44,23,9,10,19
15,25,36,23,9,8
42,16,41,39,13,8
41,28,17,12,26,7
14,22,3,35,20,8
12,30,42,5,25,9
10,1,19,17,18,16
19,31,32,44,23,7
7,13,23,2,34,18
22,31,26,36,34,15
36,11,43,2,12,14
23,41,36,32,12,3
8,25,1,6,34,14
15,21,4,1,44,14
45,39,9,38,41,19
45,36,1,16,31,16
12,35,39,33,40,2
41,43,30,1,31,8
30,37,10,8,44,4
11,17,22,40,23,8
1,20,12,40,15,12
29,26,1,13,4,2
19,4,6,8,16,5
26,31,35,1,42,4
8,10,30,7,28,17
26,3,31,9,12,11
1,41,36,11,8,4
30,31,23,6,5,19
43,9,40,12,44,8
17,40,10,18,41,13
17,6,14,2,21,2
1,26,17,30,28,17
45,44,37,43,15,5
25,1,5,30,39,7
1,32,15,9,24,14
41,7,34,17,15,10
39,16,19,29,35,15
28,33,32,26,11,13
8,26,14,7,17,8
41,24,6,34,39,13
4,34,6,37,44,10
26,41,28,16,17,10
23,12,3,22,40,13
8,30,25,41,33,7
43,34,9,21,35,3
12,7,33,44,15,8
9,28,15,17,37,12
14,31,34,30,19,16
36,26,1,3,6,18
18,1,24,23,10,8
32,25,12,35,8,7
37,19,20,32,22,2
11,35,9,29,36,5
7,26,17,42,25,1
31,8,17,19,45,12
39,36,10,12,21,1
27,34,44,1,42,14
2,25,1,14,8,19
39,33,42,45,22,1
38,39,12,15,40,17
15,11,3,17,40,10
6,44,9,28,34,16
10,24,28,26,18,18
17,39,11,14,38,11
2,22,19,12,32,1
33,41,43,34,44,5
45,4,19,42,3,11
39,45,38,12,35,1
21,44,1,8,12,10
9,38,33,28,26,10
21,7,40,26,28,11
24,16,26,42,7,11
44,1,22,13,38,6
32,37,19,18,39,14
10,23,20,5,16,16
22,23,44,7,33,20
17,1,25,27,19,7
16,29,15,35,42,12
43,9,6,13,4,9
1,38,14,11,34,9
1,18,29,44,10,20
23,27,28,33,17,4
24,5,22,12,20,7
38,18,29,7,39,4
31,35,4,40,8,3
18,20,30,33,19,7
20,25,44,45,36,20
11,41,6,27,21,20
22,8,40,36,3,9
44,14,12,5,10,5
23,32,8,9,29,9
7,45,20,8,17,17
20,6,39,35,40,6
14,36,4,20,22,1
18,15,11,13,8,5
1,3,11,2,40,1
7,41,23,29,3,17
21,10,22,44,4,15
26,11,30,25,34,7
17,5,19,39,45,20
14,1,24,4,20,7
3,16,8,32,28,4
8,38,4,3,12,1
31,28,14,16,42,19
1,22,38,45,15,19
8,18,39,34,22,19
23,37,9,42,19,13
44,14,37,34,1,13
7,17,42,21,25,3
7,29,42,12,17,4
39,29,3,44,17,12
43,34,13,3,2,18
26,41,15,9,11,8
34,45,22,10,30,9
45,2,32,15,35,11
4,42,3,2,18,7
42,27,41,38,5,3
43,32,21,23,38,20
30,4,22,2,3,7
31,4,16,5,6,15
22,16,15,4,33,7
35,25,21,10,11,11
3,16,9,5,28,18
12,37,39,24,43,16
14,44,33,3,18,11
34,11,35,15,37,13
41,1,5,28,10,3
21,6,20,1,43,8
42,3,35,6,38,16
9,36,3,6,11,20
14,13,30,38,23,11
12,8,20,29,17,13
16,2,28,20,31,3
13,9,4,18,27,18
30,35,23,26,42,18
8,12,30,25,17,3
33,18,9,44,3,16
5,13,17,32,4,12
21,35,28,10,29,9
41,32,34,6,13,8
27,25,37,33,35,8
15,40,39,29,5,17
5,24,44,32,8,9
43,8,41,12,11,14
19,9,25,17,15,4
8,33,32,3,12,6
41,15,6,32,21,7
22,44,7,33,25,20
18,40,26,13,20,19
18,33,19,5,28,17
33,26,35,29,19,14
28,16,1,25,27,10
14,39,34,44,11,6
8,3,6,37,20,3
25,32,41,37,34,13
18,22,8,42,24,9
11,26,44,24,33,13
37,41,29,28,24,17
15,9,30,7,16,20
34,38,10,42,24,1
35,44,25,30,3,14
4,16,5,22,27,4
1,43,29,5,15,6
23,5,41,13,14,4
3,15,29,32,42,14
21,31,5,18,27,12
7,3,20,24,10,20
41,30,37,20,4,2
45,27,3,17,28,18
2,19,22,29,38,14
16,37,33,23,40,20
18,42,28,22,5,20
10,33,16,30,5,1
36,33,22,10,27,9
36,14,41,24,37,18
13,33,27,42,38,5
12,24,40,4,8,18
20,13,42,11,22,3
6,36,2,13,37,12
8,5,20,41,7,14
16,37,18,1,28,14
28,25,11,23,20,7
34,24,23,12,5,5
37,25,35,28,45,8
18,44,39,34,14,2
42,40,11,36,44,9
38,30,33,44,7,6
17,9,2,22,28,5
28,14,39,42,32,18
24,44,39,30,5,10
8,26,6,19,24,5
43,37,24,44,8,3
23,18,12,24,27,17
13,44,27,7,14,17
21,44,29,41,31,10
42,6,31,13,34,20
41,5,29,14,35,4
13,32,24,3,29,4
43,23,6,4,29,17
36,38,37,43,24,20
11,4,18,29,31,4
32,12,24,44,8,18
20,16,14,23,22,11
34,29,41,33,27,16
18,44,32,33,2,1
30,40,24,20,8,1
27,39,40,9,31,2
23,39,10,29,28,3
23,13,7,15,45,1
14,28,24,32,20,10
15,6,17,25,45,12
13,4,3,22,16,14
45,31,23,34,1,8
24,37,19,15,8,7
31,23,26,6,20,3
8,26,39,34,30,8
30,28,2,34,20,9
40,11,38,35,6,3
33,39,32,9,18,6
29,17,25,31,38,10
41,26,9,4,24,8
11,4,25,37,31,17
36,20,9,12,1,19
20,16,22,32,3,4
2,26,18,23,6,3
36,18,14,44,32,20
31,2,40,11,8,14
16,30,13,12,36,1
33,37,5,41,9,12
42,28,6,13,22,15
7,3,19,38,36,5
3,37,17,13,22,7
36,5,39,45,10,9
15,22,27,10,25,6
13,26,5,11,27,14
38,2,4,26,7,7
9,39,36,14,38,12
36,18,16,26,12,16
37,32,30,20,12,7
21,26,25,40,41,12
3,14,42,13,39,10
43,32,20,19,23,14
29,10,30,43,11,6
1,9,19,22,33,1
8,6,28,42,31,13
20,4,45,28,42,14
36,22,32,18,1,11
33,40,10,38,32,13
23,3,14,29,27,18
12,32,29,42,10,1
27,33,23,19,8,7
23,15,43,32,33,15
33,45,42,14,39,15
45,18,28,15,16,16
16,17,39,30,12,17
38,37,25,27,11,12
19,30,24,33,14,13
5,12,32,19,18,9
24,42,34,12,15,19
7,42,1,15,43,18
26,39,10,12,8,3
11,19,13,9,30,16
40,2,34,3,12,19
9,45,29,14,17,10
26,11,44,33,2,20
13,10,1,39,34,4
10,1,23,31,19,20
33,12,37,22,41,10
13,16,23,2,8,3
35,21,32,3,8,12
36,31,12,4,8,4
2,45,20,16,13,7
10,39,42,8,15,2
7,38,18,32,4,12
9,30,35,29,2,1
2,38,23,25,32,9
36,44,16,31,38,8
23,16,17,27,40,16
16,2,3,14,39,7
29,23,1,15,9,5
17,45,16,8,36,20
1,12,41,33,9,14
4,21,20,42,3,20
37,34,16,29,14,4
31,4,15,20,27,18
2,31,14,38,25,1
13,24,7,11,20,10
14,44,6,27,3,1
14,28,20,42,17,8
40,21,41,6,3,4
36,37,39,27,14,1
7,5,13,15,36,8
26,8,38,2,7,19
25,32,1,27,3,20
15,14,18,35,41,8
21,5,4,11,41,3
27,25,4,30,9,15
1,29,19,38,40,2
38,33,10,9,34,14
1,29,26,24,17,6
18,24,31,41,3,2
34,4,23,2,32,9
39,45,7,37,34,8
7,10,31,19,30,20
36,1,18,13,7,15
23,16,1,11,4,20
32,12,13,10,24,6
42,17,11,9,34,19
3,37,22,8,30,18
13,2,41,35,4,4
25,40,3,4,16,19
5,9,42,17,33,9
2,35,16,41,34,1
27,35,23,34,41,1
15,27,7,6,11,12
39,9,8,20,40,11
18,19,10,5,1,18
26,33,13,5,25,5
36,41,39,26,1,18
29,4,37,43,24,2
6,29,36,44,24,1
25,9,1,7,5,1
30,31,5,28,4,13
4,30,22,24,36,9
17,44,30,20,19,7
14,28,20,23,24,6
43,41,11,15,30,8
9,35,7,29,5,19
3,44,25,1,27,8
11,7,5,1,3,18
34,17,30,16,14,3
38,11,30,24,23,3
43,9,16,12,39,13
22,19,16,21,42,9
37,22,15,39,25,17
30,24,22,36,12,8
5,38,6,3,23,8
4,8,27,45,36,19
9,35,13,34,37,17
20,7,37,45,43,2
12,13,41,1,35,1
3,36,6,10,39,8
31,8,1,41,38,19
31,4,33,24,39,6
19,27,32,31,21,13
31,40,16,23,13,8
34,17,41,30,8,13
18,21,10,13,44,11
9,8,11,10,25,10
29,24,8,36,9,15
8,39,14,41,43,16
32,16,44,19,11,17
13,4,36,32,8,3
44,16,5,13,2,8
24,34,4,33,15,14
2,34,29,23,31,7
3,44,16,28,32,1
3,40,10,5,41,8
10,26,4,3,42,15
28,39,11,7,8,7
43,35,7,22,31,3
5,28,35,22,24,3
42,14,6,8,9,3
44,12,42,9,18,14
37,14,27,42,29,7
11,27,36,34,31,19
9,27,12,28,13,3
15,36,26,33,44,19
33,23,44,42,15,14
28,40,5,21,36,18
44,30,19,27,16,20
19,8,41,12,39,10
37,45,39,31,29,19
34,41,13,33,35,4
41,29,15,27,14,18
3,2,36,10,44,15
36,23,18,20,42,6
28,35,25,44,22,11
8,22,3,34,11,3
24,8,25,37,14,1
5,28,41,11,29,1
26,1,14,24,42,11
39,32,16,33,42,11
16,8,22,25,26,16
40,4,35,27,17,4
26,39,34,25,5,17
31,21,20,11,36,5
2,33,39,28,6,1
1,4,11,39,41,8
43,8,40,34,29,16
39,11,28,5,40,20
36,11,18,17,19,7
41,19,29,8,9,3
28,1,36,12,27,7
45,9,12,26,3,11
40,5,15,31,18,17
36,6,23,35,29,6
29,18,16,1,30,9
42,25,17,18,37,19
17,35,39,38,33,12
29,20,18,9,37,9
29,41,39,42,10,19
17,29,22,5,34,19
44,5,15,41,1,9
3,32,44,29,13,15
18,5,16,37,43,12
12,23,22,6,16,5
34,17,13,3,36,8
26,45,20,24,6,5
4,33,16,12,21,13
32,24,5,13,18,1
32,45,43,23,42,13
28,3,13,8,17,8
10,11,19,7,45,19
34,25,17,33,20,7
20,40,28,16,7,4
34,26,20,11,5,20
8,20,4,9,27,6
17,26,41,15,30,11
12,39,1,35,15,15
44,35,3,31,7,8
44,19,9,22,41,12
23,35,17,20,26,19
7,25,20,10,3,9
19,31,7,14,22,10
18,6,14,13,9,20
3,8,31,7,35,7
28,6,37,44,33,5
25,19,30,11,45,8
36,3,2,29,17,13
34,38,42,9,16,2
45,38,2,7,21,2
40,15,37,13,1,12
25,31,44,21,10,11
14,15,43,16,23,2
5,28,25,29,33,5
17,26,2,31,12,7
26,21,24,40,8,3
32,21,12,11,40,15
17,28,40,11,14,16
6,29,31,22,38,9
38,4,14,15,31,15
40,41,30,2,32,16
21,2,29,25,4,8
11,22,6,42,34,19
6,35,3,31,1,3
43,44,21,8,41,13
7,28,15,20,23,17
7,34,41,4,36,9
37,28,16,7,6,16
39,32,8,3,23,6
39,17,20,9,10,13
35,31,9,25,29,7
26,14,25,42,35,18
36,13,23,41,4,8
8,2,36,5,6,9
8,45,27,14,9,12
37,5,43,11,23,1
30,37,45,43,38,13
16,6,35,41,37,3
22,27,43,15,18,11
45,6,43,19,14,17
18,7,11,3,40,4
26,43,21,14,45,5
17,32,29,12,30,3
20,10,28,4,1,12
21,17,24,42,23,20
2,40,23,13,33,14
36,40,35,34,37,16
1,40,30,4,19,1
23,41,29,3,36,19
14,15,17,44,27,19
5,21,17,20,3,17
33,34,17,16,21,1
29,16,4,10,41,16
24,28,5,18,9,12
45,24,4,23,29,18
13,35,29,24,25,15
44,2,10,9,13,18
11,1,38,32,17,14
27,40,25,26,21,7
19,44,1,28,40,14
23,26,32,19,42,10
12,36,16,30,13,5
17,14,31,30,20,16
12,27,25,31,42,4
29,45,38,9,27,13
31,32,35,12,9,10
22,30,26,4,6,2
31,35,26,24,9,4
30,17,37,8,6,8
42,29,34,20,10,4
43,34,11,20,17,10
17,19,23,22,38,14
15,31,29,37,44,15
33,36,37,2,31,18
27,17,11,35,38,20
43,42,14,45,5,10
19,43,21,29,31,18
45,11,3,4,7,4
24,32,2,36,16,16
41,44,30,11,5,20
6,12,10,31,29,18
20,34,10,23,32,19
8,33,38,42,29,14
21,27,26,30,20,6
31,14,44,45,27,9
19,42,38,14,37,5
8,6,7,17,19,15
1,8,26,20,21,7
34,29,16,14,18,20
23,11,15,19,1,15
35,3,7,38,30,4
5,11,41,9,22,4
34,11,12,27,14,8
6,22,40,16,38,8
10,36,4,7,29,16
11,18,26,4,1,20
34,4,20,26,7,16
5,25,38,41,23,11
1,33,13,3,27,11
18,29,4,35,27,20
28,5,14,22,2,10
4,24,37,43,39,20
29,43,14,26,21,1
43,16,4,1,45,13
33,45,10,15,21,9
41,26,31,10,18,1
16,39,13,30,45,6
42,44,21,20,35,8
35,29,10,13,25,7
12,36,15,40,10,11
32,22,45,8,42,17
30,43,9,40,8,2
23,12,24,21,27,8
11,19,16,30,41,6
32,27,17,40,3,16
5,37,29,28,39,12
32,41,23,44,7,12
33,13,28,42,35,19
15,17,26,45,11,7
9,20,43,22,45,2
23,33,1,11,26,4
34,6,4,32,33,5
29,44,33,3,11,7
15,2,26,21,37,7
34,18,16,37,13,13
3,22,18,34,1,18
10,5,35,21,17,18
1,17,36,11,16,7
2,39,9,32,28,5
5,32,30,9,4,4
44,23,28,45,42,11
35,8,4,20,19,9
37,14,27,45,36,3
15,19,36,26,21,2
10,25,14,45,11,1
25,11,45,37,22,3
27,9,31,34,4,13
34,26,37,13,35,12
23,42,1,33,34,8
35,5,24,43,11,16
41,32,33,15,24,18
24,8,14,36,17,10
31,8,28,34,43,6
10,19,7,18,14,13
41,8,3,14,17,15
18,33,28,19,40,8
30,36,23,4,24,7
2,8,20,29,38,10
36,28,1,24,15,13
27,33,31,42,36,2
33,11,17,29,31,1
40,30,36,10,1,14
17,13,37,10,36,13
19,13,42,30,2,2
18,19,4,27,42,17
30,21,35,6,27,7
42,37,31,34,33,13
9,25,2,12,14,14
3,35,17,12,32,1
23,21,32,41,31,7
45,19,20,34,28,7
42,45,25,7,4,11
25,15,5,34,40,10
24,34,12,3,45,20
24,37,19,36,23,10
18,27,16,37,30,11
15,32,40,4,27,19
31,26,45,12,37,9
37,32,10,15,24,2
14,27,10,17,44,1
13,22,12,43,1,18
35,4,22,41,2,19
1,9,35,37,11,1
33,31,45,4,13,6
42,8,27,26,18,12
25,19,14,23,22,18
33,23,29,20,35,1
3,25,12,8,31,5
23,9,11,4,40,10
40,44,26,22,41,18
14,28,18,24,7,2
34,30,29,45,33,4
39,20,36,11,29,13
3,30,6,40,43,18
15,17,18,8,44,8
27,45,5,9,11,6
36,9,34,43,24,14
10,35,32,24,40,13
10,32,7,28,12,5
10,41,3,31,28,6
33,17,7,37,15,17
8,26,4,19,15,17
34,8,38,24,43,16
24,6,15,33,11,3
22,1,5,37,44,12
38,29,39,7,36,8
28,13,15,37,2,12
36,3,9,30,2,10
20,15,39,24,27,3
33,40,36,2,30,9
38,44,16,36,1,12
7,36,10,41,34,5
18,23,36,27,44,9
19,40,2,36,20,12
7,11,6,10,13,20
10,38,30,9,33,7
9,8,29,3,31,9
31,23,4,20,42,1
31,3,4,39,11,8
19,4,11,9,7,14
40,12,13,37,8,15
44,20,23,5,40,18
24,39,23,4,40,6
20,31,27,38,39,4
9,14,28,31,8,19
45,20,33,19,43,19
11,8,25,18,14,3
3,1,18,16,17,15
7,37,32,16,21,20
43,26,2,9,45,12
15,5,8,1,33,12
35,16,19,8,44,7
18,8,36,11,2,2
10,38,8,23,45,15
9,25,6,30,39,4
9,30,12,23,44,15
27,5,34,10,7,11
30,42,24,35,22,11
13,44,37,12,36,19
20,22,45,2,13,5
14,34,16,45,3,7
33,23,36,7,29,5
14,29,7,27,35,12
10,20,1,45,32,19
20,9,32,27,39,15
25,18,42,13,43,1
34,28,30,38,39,19
7,19,41,31,1,19
21,12,39,15,17,16
32,44,16,41,7,2
15,20,36,8,39,9
4,37,11,10,16,3
43,41,45,9,31,13
20,30,5,23,24,9
30,28,18,40,13,14
9,7,1,34,15,1
17,11,31,32,18,12
36,29,28,4,5,15
25,9,32,3,21,12
40,4,37,26,20,15
3,45,15,17,14,1
12,3,15,19,14,12
19,20,28,34,5,1
1,38,19,9,8,5
13,33,44,2,10,15
42,26,27,10,1,7
16,28,4,6,27,18
21,40,39,41,35,14
14,6,41,28,25,14
28,35,40,13,16,20
11,6,12,39,8,10
2,9,40,26,28,6
37,20,14,19,42,1
16,38,12,24,23,18
16,26,25,21,18,9
26,41,38,37,45,9
39,3,22,17,1,12
21,29,32,2,19,19
41,39,30,38,7,3
32,26,22,25,13,1
34,20,39,30,8,20
25,14,10,36,34,10
43,28,45,30,1,20
17,5,10,32,19,3
30,38,26,10,27,11
36,7,14,33,2,20
7,15,42,13,41,7
34,27,13,17,6,13
5,28,39,3,18,9
1,34,14,44,26,4
21,2,5,28,9,15
16,10,29,30,31,7
16,40,31,33,15,15
10,23,20,29,44,8
33,29,6,27,30,12
29,37,43,5,8,11
2,28,41,26,1,15
45,23,36,15,12,5
11,27,16,33,14,8
32,3,42,26,12,7
3,23,5,1,24,15
30,24,15,14,31,14
18,21,38,1,14,4
22,17,42,36,39,1
7,28,25,4,35,20
30,35,42,5,4,10
28,14,9,29,38,17
16,44,29,42,18,14
42,36,11,7,40,14
23,30,29,44,10,18
45,36,33,43,31,20
18,24,9,15,30,10
17,6,23,25,8,11
15,11,18,29,45,2
4,25,38,39,21,12
20,2,30,1,6,18
18,9,22,6,12,5
27,9,36,22,7,18
41,1,25,16,5,2
45,37,3,8,11,4
9,34,23,19,15,20
33,36,31,24,23,17
20,4,24,28,32,12
42,7,22,29,31,15
32,2,20,33,15,1
3,41,39,45,5,3
31,34,26,22,20,1
22,14,8,16,12,11
15,10,1,31,25,14
17,8,28,18,35,18
5,2,7,33,13,4
7,30,1,6,24,18
29,36,22,5,31,18
5,10,17,12,41,15
15,22,18,36,23,8
31,29,2,28,6,11
28,2,6,9,38,11
37,11,44,36,7,1
21,13,5,34,31,5
25,36,5,28,19,5
9,22,13,37,21,1
42,1,26,30,15,6
15,10,39,17,2,14
19,44,17,24,6,3
4,43,34,28,27,20
30,23,15,42,37,19
20,24,45,3,8,5
9,7,22,29,39,17
5,36,4,7,1,4
33,17,12,10,25,1
29,39,26,45,33,13
40,27,1,41,6,18
41,27,31,22,17,7
45,23,29,37,43,19
2,23,4,22,39,17
15,43,9,42,1,17
21,3,20,13,40,13
43,4,31,19,11,14
23,25,15,31,11,14
11,14,15,8,39,2
3,24,2,17,21,4
19,25,27,22,13,8
11,5,23,12,18,19
3,15,43,13,39,9
22,34,41,25,2,7
23,43,22,8,36,19
30,38,3,33,23,10
41,32,9,31,44,12
17,4,27,42,7,8
45,9,4,13,31,10
10,39,2,8,29,18
38,40,4,21,9,15
13,31,18,40,11,11
38,10,21,12,9,4
21,31,32,40,29,16
24,43,42,37,8,6
12,21,5,4,15,6
37,24,12,35,39,3
19,23,42,9,40,9
4,11,23,34,22,12
1,21,17,41,13,12
20,28,13,5,25,16
11,38,20,35,3,6
45,10,12,43,29,11
42,3,37,26,2,20
36,19,26,13,23,10
4,3,12,8,25,4
3,18,8,10,17,9
45,9,30,26,1,16
3,29,7,38,14,12
30,28,4,26,9,17
22,43,10,7,32,8
32,28,20,6,16,2
3,19,44,9,7,9
24,17,11,26,22,15
3,9,11,18,36,19
6,18,24,20,34,18
44,42,4,21,15,19
14,44,8,33,29,15
1,4,8,43,34,11
38,20,29,43,34,7
4,17,9,32,22,12
42,3,23,36,13,14
1,17,39,25,30,10
40,13,1,24,15,8
13,40,14,17,3,17
45,6,21,30,20,18
45,5,30,25,22,9
25,3,22,24,13,2
32,22,5,25,21,11
13,24,29,38,2,10
23,11,19,45,32,10
38,6,3,4,41,16
30,7,1,24,34,14
32,1,26,3,25,13
43,14,37,9,35,13
30,27,45,4,21,4
10,42,32,35,6,13
28,25,12,5,15,17
39,4,28,9,31,8
2,24,19,9,25,16
36,15,40,13,24,15
39,14,21,6,36,9
27,32,2,13,33,13
15,11,2,1,35,3
9,36,38,27,29,14
32,29,25,21,23,16
37,38,10,43,14,18
2,38,35,6,25,8
11,27,1,40,44,16
19,29,37,14,24,8
32,16,8,42,10,3
3,41,22,18,29,2
12,2,30,10,14,3
26,18,15,13,3,18
21,45,35,44,9,13
43,21,31,17,41,2
27,1,28,15,12,1
43,4,17,41,39,15
31,8,15,40,21,3
36,29,2,4,28,2
34,10,35,24,31,5
1,28,16,20,29,1
28,39,25,30,12,16
7,34,23,45,4,12
15,1,8,5,12,19
33,38,6,15,42,19
43,28,33,32,24,18
41,35,33,43,40,4
24,10,11,41,25,6
26,23,36,12,17,20
38,4,3,32,39,19
8,6,27,42,12,16
42,2,28,14,23,1
31,29,11,15,16,18
25,33,8,31,17,10
1,10,5,30,2,17
36,5,35,12,33,8
32,11,28,26,10,11
6,23,24,37,25,9
15,40,19,16,7,11
5,10,28,16,40,19
11,22,25,18,41,19
20,7,23,40,6,15
10,45,29,36,35,7
24,27,18,41,10,15
41,13,12,5,40,2
43,7,31,44,22,13
34,43,38,40,41,6
27,12,23,8,29,15
12,42,1,21,7,17
41,9,40,16,33,3
30,24,8,16,37,17
2,41,27,9,12,11
3,29,42,33,32,20
15,14,17,38,12,8
25,35,29,44,36,11
17,13,36,45,21,6
43,12,10,29,30,12
28,31,37,27,42,1
3,23,13,32,17,19
27,34,14,25,23,20
37,30,38,21,4,8
13,19,2,16,20,11
17,37,38,29,31,15
20,35,4,14,27,10
41,8,10,38,28,6
8,24,3,40,5,17
21,34,19,18,38,15
41,45,31,5,2,11
33,3,4,16,37,15
27,22,38,42,40,2
25,1,22,38,16,2
9,11,33,43,44,13
36,21,4,34,33,16
43,33,17,29,11,16
10,14,13,30,7,17
13,8,30,42,1,3
41,31,23,45,14,7
14,12,45,8,23,16
18,14,45,27,11,19
31,20,22,32,29,5
29,38,22,27,8,4
21,25,20,30,38,11
36,26,22,11,35,18
25,42,37,4,7,13
17,26,34,16,14,10
30,5,41,31,26,17
31,1,35,3,42,7
12,39,13,34,20,11
11,28,5,9,31,19
14,1,41,27,39,2
33,42,14,34,10,6
15,45,40,8,22,6
12,30,17,36,28,8
45,43,14,29,35,1
43,33,2,31,35,20
45,11,13,38,25,11
34,3,16,40,26,8
10,36,24,17,41,9
25,5,39,2,3,13
22,37,6,16,26,9
3,4,21,30,25,10
12,21,17,23,20,15
31,34,11,12,24,10
10,18,2,19,16,9
25,34,2,18,22,17
28,34,11,9,3,4
9,41,8,23,35,3
11,13,10,36,21,3
41,23,40,28,12,4
27,45,40,11,5,10
2,33,20,6,34,1
15,44,11,19,32,1
43,41,40,24,12,19
6,30,39,14,36,2
16,30,28,45,2,20
42,14,27,12,3,18
24,13,12,31,6,17
12,21,31,43,4,20
40,23,42,29,16,15
14,19,10,21,40,2
10,32,44,4,18,2
23,44,15,35,34,3
38,12,44,27,37,10
15,30,17,32,4,4
16,32,18,31,14,13
39,38,44,37,27,1
35,38,39,11,34,17
32,9,34,5,2,5
21,34,12,19,8,8
14,40,7,5,29,4
2,41,35,20,33,7
29,5,15,32,44,18
38,23,13,18,3,4
40,32,33,14,35,8
8,23,45,33,2,19
18,34,37,12,5,12
18,1,8,4,39,6
24,16,21,19,17,5
23,5,33,25,22,17
12,21,37,8,35,4
37,24,23,30,8,15
26,43,18,45,12,19
26,21,8,12,7,4
31,42,1,30,15,7
6,22,2,31,18,2
19,7,29,37,18,11
40,10,16,29,34,5
43,26,7,8,6,7
34,15,17,9,24,15
23,10,5,3,44,13
9,15,41,27,35,8
9,37,14,43,40,15
39,24,18,30,38,15
21,45,7,14,44,19
8,17,29,14,15,17
43,39,23,28,24,12
27,4,30,26,44,5
38,20,41,34,45,13
15,43,35,5,12,1
2,29,6,20,16,6
36,19,17,8,26,1
43,31,14,6,42,17
5,10,44,20,9,16
22,1,21,43,41,9
1,5,27,43,42,15
21,31,14,19,32,4
22,40,27,10,17,10
43,24,5,27,14,4
5,27,24,35,31,3
27,44,39,26,3,8
20,14,31,21,30,5
38,34,11,27,40,15
15,16,43,2,28,10
2,1,19,4,16,12
38,27,45,21,14,8
32,25,27,37,26,4
20,27,32,34,6,10
25,17,4,28,30,10
9,14,1,11,5,8
41,5,19,44,12,2
3,14,13,27,31,4
35,25,32,33,41,19
10,5,26,11,21,10
31,37,39,15,45,5
18,29,14,5,4,8
32,5,38,29,36,15
42,20,6,13,39,5
25,44,24,12,43,3
7,16,38,1,13,2
27,45,41,37,20,20
45,25,17,39,36,10
13,41,22,14,4,4
19,10,1,28,5,6
44,12,19,29,30,5
38,28,31,10,27,3
11,24,30,18,13,9
1,12,42,4,8,16
42,41,21,31,19,16
19,32,31,10,2,13
22,25,37,18,23,14
22,21,42,27,15,9
6,25,17,11,9,11
24,28,15,17,33,6
23,43,11,4,34,10
9,43,14,10,17,1
1,21,9,26,34,4
12,13,18,32,34,13
16,42,27,39,7,19
18,24,29,2,27,6
41,15,33,19,31,8
20,34,43,40,44,15
13,12,31,27,2,17
8,39,41,20,31,18
37,19,10,13,9,5
39,20,17,41,33,3
3,30,25,13,21,17
7,45,4,20,18,8
28,45,20,34,17,2
16,23,18,40,13,12
37,27,22,2,41,6
19,28,14,42,13,14
24,16,43,30,42,13
35,15,34,40,36,14
15,14,13,35,9,3
43,41,7,29,23,18
12,42,27,18,30,7
5,25,26,11,20,3
9,21,3,14,5,10
20,28,44,32,10,3
41,24,44,19,5,11
3,21,32,22,4,4
33,16,5,24,29,15
22,24,9,35,7,5
29,17,44,22,31,4
34,44,27,13,29,1
3,8,25,39,6,19
2,24,18,27,39,9
5,3,36,33,27,7
18,40,6,43,41,11
26,24,9,39,16,17
29,13,23,38,21,18
32,35,39,37,16,8
39,42,1,11,16,3
41,23,19,32,22,16
28,3,43,29,35,6
34,20,44,40,17,13
23,16,25,31,21,10
3,23,36,38,15,9
24,23,45,6,42,15
17,31,12,40,10,4
39,19,16,38,29,11
42,36,34,12,32,16
44,27,20,2,36,7
44,16,33,19,41,17
5,33,40,7,9,7
20,18,16,17,38,3
36,39,16,7,19,2
29,40,21,44,26,4
25,23,1,11,29,17
21,39,43,31,38,10
40,26,13,27,6,16
29,28,20,22,37,17
4,42,45,13,24,15
2,22,39,12,34,13
38,15,17,29,21,2
40,15,39,33,34,10
32,21,7,20,31,8
19,34,44,3,17,10
42,20,31,36,6,3
44,19,28,4,13,11
45,38,13,24,10,8
3,44,28,32,20,1
33,5,9,36,16,19
20,32,36,4,14,2
1,35,20,2,21,2
2,33,17,41,3,17
42,12,22,28,4,16
20,28,16,39,4,11
20,42,34,18,2,20
39,19,38,14,40,18
17,43,37,33,31,18
6,19,8,10,14,3
6,24,5,15,44,8
45,35,44,13,30,10
1,29,43,32,5,15
9,13,12,36,31,17
37,28,8,14,25,9
31,30,42,24,25,16
1,27,24,40,32,18
8,30,7,11,10,15
32,26,44,24,36,7
25,10,17,39,38,7
8,1,24,9,2,6
36,41,33,2,9,20
38,1,28,21,9,2
44,45,16,2,34,5
31,6,30,35,13,9
19,18,39,28,11,7
29,7,10,37,27,12
38,37,6,35,25,11
39,23,40,37,44,4
41,28,35,37,1,7
18,20,1,34,4,12
15,9,22,42,5,10
24,28,32,25,18,18
5,29,44,15,16,7
27,39,42,41,1,18
39,42,14,18,15,11
1,3,30,16,23,10
24,14,20,9,30,16
42,39,16,9,5,12
10,32,18,29,19,17
5,7,37,17,13,2
38,1,37,26,32,9
6,13,18,23,45,12
6,43,13,2,16,10
8,29,45,21,6,10
40,9,16,3,33,2
17,19,41,14,21,20
36,12,35,11,17,13
19,2,31,30,40,6
43,15,37,14,10,16
9,42,26,11,6,19
29,14,9,43,8,3
6,1,14,34,41,9
5,24,18,13,35,10
35,23,30,4,7,16
23,14,37,7,2,18
40,23,25,33,17,12
41,36,29,1,11,11
5,4,14,8,13,9
31,25,21,41,19,13
19,34,18,25,36,17
7,27,25,36,44,3
10,29,34,31,21,18
20,8,6,16,43,18
15,36,23,11,20,3
20,6,39,13,12,5
12,27,41,11,43,7
9,33,3,16,36,18
8,32,7,25,9,4
29,24,9,42,36,15
29,14,4,31,15,5
17,2,28,22,14,6
4,13,42,3,28,17
24,38,7,33,14,3
12,22,5,34,19,5
19,20,41,22,4,3
24,40,19,44,4,17
21,35,25,42,3,20
7,4,19,34,9,13
21,28,20,45,44,8
30,41,10,6,35,6
39,11,9,2,7,16
18,8,42,27,1,16
11,44,13,16,39,17
2,16,7,10,40,17
44,37,16,15,34,9
13,24,16,30,21,1
31,22,37,24,25,7
16,14,9,11,24,14
28,31,15,12,9,2
40,44,13,30,25,3
22,9,20,40,31,19
41,42,28,14,31,1
5,24,16,17,31,8
14,6,26,18,35,2
37,26,30,17,15,1
45,4,30,8,6,6
38,17,42,3,39,18
35,27,5,11,3,11
23,30,24,26,6,4
6,33,41,24,43,6
33,12,23,17,1,1
30,18,14,19,26,19
27,3,15,33,11,5
39,16,38,14,32,16
44,30,14,23,41,6
42,27,43,25,1,7
31,20,17,35,19,7
4,1,45,33,40,15
27,32,14,19,43,9
26,10,17,34,1,10
3,10,6,40,45,10
12,11,18,38,8,8
2,35,25,30,17,7
22,35,42,26,41,19
42,5,18,10,4,19
5,22,44,38,6,1
30,23,21,26,28,9
21,32,44,12,29,11
7,4,12,38,40,12
42,3,41,22,17,2
44,28,1,8,24,3
1,16,12,26,43,3
28,25,27,19,32,6
3,17,34,9,43,4
20,4,7,31,40,12
43,32,8,20,24,10
13,5,38,33,11,10
36,6,33,34,26,14
37,8,13,25,12,15
19,23,15,4,8,4
9,42,1,27,40,19
13,25,32,14,9,13
39,17,25,40,27,8
44,30,36,5,31,19
35,39,13,7,32,2
22,11,39,45,9,18
42,1,13,14,15,7
26,2,5,44,28,7
19,22,21,32,13,12
45,38,41,1,44,15
25,41,13,12,31,15
44,6,25,18,41,8
38,31,9,18,20,18
5,36,27,38,40,11
35,28,7,29,18,19
13,44,10,23,14,14
3,15,32,14,6,17
12,3,42,41,24,1
42,40,3,43,31,3
9,39,1,29,41,18
14,38,44,16,25,7
26,5,15,8,38,18
20,41,23,2,37,10
14,28,23,11,13,5
28,17,5,13,26,11
1,34,41,42,9,16
24,13,35,4,33,12
22,3,37,36,39,11
42,38,28,15,41,3
6,17,33,14,1,17
3,19,20,40,2,4
8,24,42,32,4,16
16,29,36,12,10,19
13,9,42,6,32,4
3,10,44,27,22,15
16,34,41,17,11,3
43,38,16,1,34,15
29,40,1,38,15,4
44,13,12,42,29,9
18,33,45,21,6,5
33,7,16,35,10,1
6,37,32,39,41,2
11,32,34,21,13,6
6,37,26,31,35,1
42,18,14,38,17,19
26,38,27,36,39,17
3,37,15,21,26,6
37,39,31,10,7,16
30,19,26,34,5,2
24,42,27,37,21,14
40,3,8,26,10,10
14,33,39,42,34,19
10,14,35,1,8,1
34,40,4,3,21,7
7,42,28,43,6,5
28,27,20,26,25,6
27,17,5,34,37,5
36,3,21,4,13,19
38,4,41,32,20,18
31,12,3,21,16,4
18,13,38,6,36,19
36,31,34,6,43,3
22,27,9,34,26,5
17,21,36,31,8,20
28,32,41,8,38,14
1,26,41,25,19,5
7,18,15,36,26,14
6,30,7,10,16,3
16,23,34,12,36,16
2,43,27,21,33,19
42,11,22,34,39,6
30,14,43,11,42,13
14,44,40,36,35,16
45,12,35,43,4,15
21,42,15,17,37,11
38,33,32,43,44,10
17,39,13,41,42,5
3,37,34,25,6,16
29,26,23,42,22,6
7,1,23,21,44,8
41,1,24,45,37,9
7,37,27,30,15,7
4,11,37,6,15,19
26,22,17,29,24,5
44,45,10,15,30,2
28,45,25,19,38,19
41,9,7,45,8,17
33,4,21,37,13,5
26,27,19,35,42,10
1,15,21,11,18,15
28,25,39,44,18,16
30,4,21,19,8,11
32,13,35,20,14,8
22,19,3,7,35,4
9,3,19,32,28,2
28,32,2,21,3,3
2,26,16,13,10,4
31,25,24,13,41,9
18,20,44,28,40,7
26,45,3,5,43,13
37,29,16,27,40,1
12,3,9,39,23,4
26,36,33,23,30,7
24,27,13,18,23,6
20,29,5,36,22,17
21,8,17,13,7,16
24,4,2,27,7,4
23,30,37,36,11,17
21,23,31,26,29,11
25,37,31,5,10,5
36,5,41,7,13,2
29,22,32,1,28,5
28,40,20,33,4,1
45,33,32,6,13,14
12,7,18,11,45,4
37,11,45,42,17,20
19,4,23,11,35,12
6,14,1,26,45,14
45,17,38,32,35,19
10,35,29,12,37,19
24,11,18,14,31,11
42,15,26,14,17,14
22,43,28,21,32,10
3,44,2,20,7,4
31,15,32,37,27,20
35,4,39,36,27,12
38,7,27,43,45,15
26,31,33,42,41,20
43,32,9,5,45,14
7,4,6,28,41,8
34,29,25,14,38,4
42,31,24,13,45,2
36,44,24,33,19,13
43,12,25,18,41,20
16,25,27,8,2,1
1,35,2,13,39,17
28,5,11,30,21,13
21,5,15,20,30,2
21,9,22,41,15,6
29,43,38,6,25,4
29,21,25,7,10,19
40,20,32,37,1,7
4,41,6,1,10,8
45,18,41,13,2,4
37,43,33,28,32,5
27,40,35,5,14,6
42,26,32,19,31,8
42,34,1,8,14,14
43,24,26,37,17,14
25,5,40,28,29,7
34,19,5,6,18,20
32,9,21,26,40,2
12,16,6,7,29,13
10,31,16,36,4,14
24,34,45,27,39,16
44,31,14,38,13,11
45,8,1,5,11,11
6,35,34,4,2,18
23,8,27,24,35,13
43,44,28,38,26,5
34,13,28,32,6,4
19,29,13,9,35,11
38,12,43,11,4,16
26,44,22,14,6,13
19,11,43,45,13,17
34,1,33,19,24,1
7,5,2,1,34,18
2,29,10,43,14,17
37,16,32,3,35,3
32,19,22,17,18,7
12,19,21,27,32,2
37,16,24,44,21,4
45,27,29,1,25,15
28,34,23,4,42,7
28,2,3,35,17,2
8,39,15,1,41,18
7,35,41,22,40,5
1,14,44,9,20,7
19,11,17,30,24,1
32,11,18,38,21,14
33,25,2,41,8,6
37,7,45,18,1,10
19,23,15,42,43,6
31,40,4,7,24,15
12,20,28,33,34,2
36,2,35,18,37,9
14,42,9,38,8,15
27,14,35,11,6,3
31,26,39,11,41,10
30,34,15,13,20,13
21,24,29,20,12,12
27,18,22,41,35,20
37,14,25,4,38,7
21,26,38,30,28,14
5,32,29,1,37,10
20,11,12,7,26,19
38,26,30,8,36,13
20,6,11,44,41,7
28,23,19,20,32,5
36,25,23,1,13,17
44,4,31,32,39,2
39,42,8,30,17,15
7,16,44,25,14,11
16,27,22,4,38,6
42,6,33,21,18,12
29,14,38,18,6,4
40,38,35,4,15,17
1,30,40,39,20,3
32,39,31,26,23,13
12,2,37,26,30,15
33,15,27,11,24,12
26,19,44,37,28,16
10,12,31,16,6,18
35,39,38,5,31,14
36,9,6,26,21,12
39,30,8,20,28,4
25,3,15,33,9,2
27,37,11,21,30,6
8,27,13,5,3,18
28,20,26,22,9,3
12,25,30,31,34,15
28,16,42,33,38,4
2,28,33,12,36,7
3,31,26,4,45,16
21,26,27,23,40,18
21,25,19,15,12,19
10,41,30,40,13,9
27,43,16,45,1,18
14,35,19,36,37,3
45,28,10,35,38,2
11,6,13,26,45,4
8,30,17,31,34,16
15,28,18,12,40,9
17,14,11,6,16,8
15,42,11,7,45,3
2,42,15,19,43,6
10,43,26,2,13,7
37,42,39,15,17,5
37,38,30,12,24,7
13,39,16,18,15,2
19,40,23,29,6,8
3,27,26,45,42,11
40,3,22,26,17,19
33,37,35,39,45,10
36,18,30,25,6,8
14,18,30,2,3,6
25,32,38,3,22,1
24,7,14,41,8,17
9,28,12,11,1,12
34,19,40,38,28,11
10,44,22,11,41,7
43,31,9,25,11,2
37,1,2,13,41,15
24,34,3,2,23,17
20,19,14,17,37,15
38,33,43,17,18,5
9,19,6,31,2,5
10,24,32,28,4,16
40,36,11,31,41,9
45,4,30,32,23,12
31,1,13,36,19,10
24,37,35,36,27,6
31,24,2,43,34,1
39,19,29,18,10,13
19,16,11,34,37,3
43,11,23,3,17,12
42,18,29,7,15,3
13,18,6,22,31,1
22,24,32,17,5,12
26,37,2,39,4,5
8,35,38,33,45,9
9,17,18,4,43,11
17,42,7,10,35,17
10,5,33,29,40,4
22,38,3,15,18,11
23,38,1,7,34,9
8,28,4,10,32,18
26,35,43,2,11,1
30,43,6,3,1,11
22,3,23,41,43,1
34,2,27,17,12,12
16,37,13,42,31,6
41,34,12,1,35,4
17,27,42,20,34,8
29,40,30,7,24,18
7,18,6,45,10,11
38,37,43,3,7,11
35,41,2,39,8,8
32,24,21,45,19,9
43,45,26,34,9,3
6,38,3,1,8,15
45,26,30,14,32,12
42,13,34,1,11,9
18,23,11,12,5,3
11,43,13,4,19,4
30,37,5,34,16,15
30,32,24,34,26,1
26,18,28,2,17,4
7,29,37,25,31,8
13,11,9,45,8,9
16,44,32,21,7,11
11,28,26,27,2,5
18,3,4,27,34,6
11,28,44,25,4,14
23,42,29,2,44,2
13,24,43,36,26,15
26,14,5,17,10,12
6,12,40,4,2,9
10,12,39,19,7,5
37,38,31,19,25,14
36,15,22,45,11,2
16,18,22,2,24,3
36,1,4,9,42,7
20,30,7,18,15,12
13,45,15,26,17,16
2,34,12,19,17,3
38,7,44,30,36,14
19,21,11,36,12,8
37,12,33,44,16,12
12,11,17,25,41,13
24,12,37,14,8,12
28,30,18,24,34,13
1,41,17,35,2,20
31,8,32,27,5,13
17,16,43,41,14,18
23,6,20,39,3,1
27,12,6,33,13,3
14,28,23,8,29,13
8,24,20,45,14,8
15,33,24,26,44,12
17,45,33,10,24,8
39,14,29,11,38,9
22,6,9,10,13,4
42,37,8,22,25,17
1,3,6,32,2,2
11,25,12,31,36,19
35,32,37,7,9,9
2,18,26,12,4,18
27,25,43,2,5,12
41,21,9,26,2,7
31,20,14,30,34,1
10,39,22,15,11,5
34,8,3,35,44,2
3,45,34,19,23,2
27,10,16,18,11,20
32,27,37,33,3,14
14,1,29,15,4,9
38,15,2,33,37,20
20,31,13,44,37,20
22,14,16,44,10,1
41,20,8,23,31,11
35,43,13,2,36,9
24,28,18,34,29,17
7,26,11,33,42,15
24,8,17,39,31,19
31,4,44,39,6,3
1,37,44,15,3,7
3,15,24,14,32,8
21,38,28,5,2,6
42,7,11,29,23,18
3,18,9,21,25,20
31,39,32,8,20,8
9,3,22,11,42,12
37,18,13,26,1,17
23,32,26,34,42,16
39,6,23,12,7,16
32,35,15,5,36,9
36,31,7,6,14,5
38,31,39,13,44,4
22,33,11,34,38,16
27,35,32,43,34,16
4,43,23,34,21,19
6,21,34,28,12,16
39,11,21,2,13,6
36,35,29,21,14,18
8,32,28,24,23,9
5,8,21,37,15,20
34,32,28,13,40,12
4,11,32,17,36,10
32,14,2,23,24,11
13,1,44,40,38,20
22,42,36,39,17,14
32,5,43,29,31,11
25,37,14,36,5,2
10,9,28,8,32,16
12,9,14,15,16,20
25,35,39,40,36,12
24,41,40,5,30,9
8,30,43,10,6,18
39,6,26,32,3,4
36,24,13,22,12,10
16,42,33,14,11,13
42,32,8,23,40,4
34,24,3,1,25,1
41,4,40,23,28,2
24,20,16,36,38,15
33,21,32,41,3,5
2,10,18,42,22,6
43,14,36,18,37,16
43,40,2,5,25,10
26,41,23,18,7,16
26,38,20,24,22,10
32,44,18,31,29,16
44,16,29,21,36,18
18,28,24,22,19,5
27,26,24,42,13,2
38,31,13,44,4,12
40,2,45,25,39,20
3,1,32,37,16,17
23,39,31,32,6,14
34,21,1,13,3,16
41,33,22,8,40,6
16,19,38,22,5,1
12,38,8,36,21,13
18,30,17,24,44,17
21,2,41,39,36,8
13,21,33,23,8,6
10,3,32,29,21,13
17,26,34,1,40,13
32,45,13,17,35,1
15,25,33,39,43,1
12,15,1,23,31,6
34,41,8,11,44,14
36,2,17,11,32,1
5,15,36,2,26,9
4,23,40,44,9,17
41,10,34,42,15,20
26,36,23,39,9,13
45,9,4,44,13,15
4,8,37,25,26,20
34,21,26,20,22,14
21,41,13,9,22,19
31,11,22,36,6,2
5,8,23,43,14,5
9,10,21,15,31,18
25,39,27,9,33,17
2,41,11,6,18,14
37,14,18,8,23,18
19,38,2,15,24,17
34,28,15,45,11,19
12,10,36,2,26,15
27,34,45,20,36,6
41,6,23,39,28,1
39,10,25,17,44,8
11,35,33,17,6,13
1,27,14,10,4,3
14,36,9,2,32,17
21,2,33,39,1,19
43,42,31,41,45,19
25,23,16,15,2,1
28,26,43,25,5,9
27,11,16,26,20,13
4,22,36,5,11,20
26,21,34,5,18,11
20,28,45,25,38,13
43,36,14,33,6,11
33,3,18,11,4,5
44,32,9,3,28,20
37,22,8,41,19,16
15,42,38,20,22,20
15,13,6,25,14,16
6,19,21,42,40,17
43,44,14,27,26,6
45,27,7,35,16,6
21,31,9,10,39,18
30,27,11,21,23,20
2,37,32,31,29,11
22,26,17,3,9,4
44,22,18,26,42,11
42,45,3,26,29,1
4,7,16,27,5,7
26,34,8,3,45,16
24,12,34,40,45,8
41,36,28,16,2,14
16,32,10,43,34,19
37,24,12,15,6,5
45,24,44,14,21,6
15,34,13,11,40,15
16,44,1,2,21,10
8,34,36,15,12,13
42,1,22,33,24,15
13,36,2,15,14,15
1,34,15,30,28,5
34,37,17,32,11,14
27,10,45,31,15,3
13,33,10,11,1,14
24,31,22,12,5,13
23,25,11,27,16,20
8,39,36,41,20,8
34,4,32,8,21,12
37,12,45,28,1,4
2,25,10,29,39,10
22,36,44,27,29,13
20,25,37,12,27,11
27,12,1,4,36,17
31,9,3,15,6,1
38,25,40,17,13,2
12,6,43,45,38,17
37,6,30,1,16,6
19,26,15,44,29,19
45,36,42,6,10,6
23,3,22,26,19,5
29,39,17,30,5,9
4,27,22,23,42,20
12,2,32,5,39,7
13,42,38,3,24,17
34,40,41,8,3,19
11,20,7,32,10,14
28,33,19,18,35,3
3,28,19,10,1,2
2,7,42,25,9,4
13,34,31,28,12,5
22,24,15,3,38,2
20,3,12,18,13,14
11,1,34,42,20,10
7,10,27,40,43,18
28,38,1,20,33,14
30,16,7,14,26,6
33,16,31,5,20,17
44,36,17,8,28,15
40,23,38,6,10,20
45,30,15,27,9,3
6,17,27,35,34,4
37,14,11,20,36,3
42,44,37,11,5,2
20,8,45,42,7,13
16,9,41,24,23,14
18,36,2,12,31,1
35,37,25,34,23,2
1,26,7,15,2,11
6,19,29,35,25,11
41,3,10,5,21,14
14,38,12,16,31,19
27,35,41,45,18,18
43,27,30,44,16,19
23,8,42,37,18,18
43,32,19,33,14,8
42,28,19,25,34,12
24,37,4,7,38,13
23,34,40,18,28,19
32,29,12,41,22,2
35,18,24,36,12,10
26,41,31,5,18,1
35,32,17,2,41,17
20,44,17,32,37,18
2,17,37,16,5,8
14,24,21,7,42,13
37,31,16,6,8,12
17,41,36,31,44,5
45,31,1,19,10,9
4,7,20,32,27,4
32,2,20,31,41,20
32,23,29,13,25,9
8,19,6,5,33,1
14,28,43,24,3,19
32,40,23,45,29,13
9,45,17,23,16,5
5,6,8,22,3,16
24,30,35,42,32,19
41,11,18,7,5,20
9,20,17,23,24,10
10,35,6,23,3,8
42,43,28,27,9,12
26,34,32,36,10,16
6,5,20,12,22,19
19,25,7,28,14,20
9,39,7,44,13,6
19,20,36,43,12,14
19,35,20,32,34,9
3,40,38,8,37,15
7,2,18,21,15,2
34,32,7,43,30,1
42,5,11,37,20,7
11,25,40,26,14,7
33,3,37,41,44,9
37,19,40,41,23,19
28,21,34,39,24,1
2,42,38,35,40,13
41,43,37,29,34,7
8,11,41,4,33,18
22,34,25,15,20,10
21,40,34,1,17,20
21,4,33,9,11,5
42,7,27,23,10,11
32,45,31,6,37,19
21,37,25,2,28,16
31,4,16,2,26,10
37,23,27,36,20,12
36,31,29,41,15,5
8,26,16,10,33,10
27,45,43,12,38,7
41,33,17,8,40,17
5,40,11,45,29,18
22,26,41,39,29,16
24,45,38,11,35,12
31,22,13,41,2,10
13,38,43,22,9,8
41,39,24,11,3,9
9,38,10,11,31,6
18,3,28,24,1,8
7,28,10,22,45,5
11,15,22,18,41,5
41,21,12,13,10,19
16,15,18,20,24,5
8,43,14,36,23,18
21,33,17,32,37,2
28,39,17,43,27,12
17,5,31,7,28,17
6,5,28,10,40,9
39,18,45,7,3,5
21,26,37,42,29,15
14,28,40,30,8,13
26,14,1,28,2,18
31,9,29,14,1,18
18,39,15,6,20,20
31,19,25,30,33,19
33,17,34,29,28,15
23,45,3,26,38,9
1,20,37,36,5,6
33,20,3,6,43,20
35,14,28,25,17,16
17,5,19,30,1,16
40,21,10,11,24,20
36,27,30,35,44,11
3,32,7,12,31,11
17,21,4,9,25,19
22,35,42,38,31,10
23,17,30,19,1,15
30,40,45,12,42,8
43,44,38,13,22,16
28,16,3,41,10,7
27,4,9,8,36,11
4,28,22,23,27,3
5,15,40,42,30,15
38,17,28,9,6,4
1,8,22,35,6,9
28,26,4,40,25,20
16,19,21,11,24,16
30,26,6,19,40,3
13,34,44,4,5,12
19,30,6,16,27,4
33,30,5,28,32,1
27,11,41,39,19,3
36,13,6,44,28,2
43,18,7,16,37,11
27,7,36,34,28,9
10,33,43,16,28,17
7,23,28,10,24,3
25,24,8,45,27,8
17,33,10,22,13,2
28,15,24,41,4,12
28,30,16,40,36,13
10,20,17,34,8,19
8,34,20,21,37,12
29,30,5,33,38,9
13,3,22,30,14,18
39,15,26,38,33,18
5,3,44,26,7,13
27,22,30,45,19,15
19,41,37,43,5,5
18,15,34,11,29,11
16,14,24,17,1,6
36,22,1,15,29,15
39,37,23,6,10,17
34,15,14,16,28,11
11,18,44,20,40,1
29,34,22,13,44,3
31,20,22,7,19,9
4,15,32,27,26,16
5,32,11,35,23,19
27,13,42,1,37,19
30,39,29,11,40,18
21,3,32,18,34,4
5,40,35,29,16,16
18,43,39,27,32,19
40,35,33,23,13,15
5,32,17,30,37,9
15,6,13,31,39,13
39,12,18,40,34,20
14,22,45,28,41,8
7,17,35,12,28,11
31,35,37,32,39,9
26,7,5,33,41,16
36,43,12,33,28,15
18,31,44,22,42,2
10,18,9,15,11,10
45,37,30,42,43,7
28,8,45,10,43,6
32,15,40,37,30,15
21,20,31,44,42,11
19,23,31,30,43,11
16,31,35,43,4,13
28,44,12,8,30,8
15,11,5,30,2,2
25,32,29,22,24,2
21,35,39,18,44,9
40,35,18,32,29,5
38,17,2,43,30,15
30,44,29,4,38,18
29,37,23,32,42,16
33,16,39,43,29,7
7,24,42,31,27,5
15,8,9,5,45,9
4,37,43,24,30,7
22,2,18,8,11,1
35,43,40,1,4,3
5,31,24,20,43,2
6,38,34,1,26,4
15,39,35,4,44,12
9,44,37,30,36,12
30,20,4,19,3,11
42,20,23,24,40,4
32,40,39,25,8,2
43,8,34,42,29,16
35,2,41,26,3,17
16,27,42,13,31,7
29,26,20,27,34,1
29,14,16,1,34,17
40,45,25,4,20,18
3,14,8,31,44,9
28,1,25,22,14,18
23,2,3,34,39,8
6,16,8,24,19,7
3,45,8,1,37,18
4,23,27,33,10,10
16,41,33,13,21,8
36,34,38,43,9,4
37,22,15,16,33,20
17,35,30,16,15,4
43,30,14,10,9,16
3,9,17,44,21,4
43,28,18,11,8,10
3,27,14,5,2,15
43,1,3,5,34,1
9,20,12,2,14,20
40,36,44,6,38,8
3,18,21,12,25,4
45,6,17,9,20,17
2,29,3,40,14,8
25,11,22,3,45,19
24,15,37,44,25,8
9,28,20,15,1,6
45,1,15,23,30,1
3,16,17,23,40,9
16,21,11,6,12,11
33,32,36,41,7,9
41,42,33,2,23,3
1,34,27,6,30,12
29,10,37,27,9,7
17,35,13,32,38,14
12,6,43,24,25,9
6,1,32,11,43,1
25,11,16,12,18,14
23,19,9,42,26,17
26,5,7,21,14,20
15,34,33,29,10,20
7,30,34,19,38,6
14,38,21,31,22,3
6,7,3,39,5,11
34,29,13,15,7,13
15,8,40,11,24,10
13,6,8,21,38,19
9,17,23,1,4,11
22,38,42,37,16,6
1,18,11,37,41,16
5,42,18,33,45,1
9,1,21,41,15,1
41,1,27,23,42,1
23,29,7,38,18,14
42,12,26,34,36,8
4,18,13,40,44,14
30,38,12,4,40,10
24,30,33,27,23,18
26,23,43,25,21,10
2,12,34,18,14,2
29,35,8,10,41,3
5,35,43,30,1,6
33,23,8,29,37,1
1,43,13,4,45,13
29,10,37,1,5,20
5,30,38,19,45,9
20,11,30,35,6,13
15,40,31,32,33,16
6,26,45,14,37,14
27,36,28,1,32,16
31,15,5,12,25,3
13,5,40,16,44,3
26,39,20,5,25,19
34,38,33,37,1,13
30,39,19,16,41,13
23,39,5,30,37,13
40,35,3,32,36,12
43,7,11,41,2,1
23,45,4,40,38,19
8,40,36,45,3,6
33,41,38,32,27,2
40,11,26,5,2,12
10,27,28,31,35,11
42,3,43,10,40,2
14,5,41,34,42,18
45,20,31,39,38,2
19,14,18,39,41,11
17,44,15,26,8,5
11,30,37,32,44,1
22,21,6,25,8,19
12,36,24,35,27,14
3,11,5,39,43,9
11,43,12,40,30,13
33,14,21,29,42,10
45,11,1,36,14,10
35,37,1,20,9,14
6,27,18,8,22,14
22,32,19,39,3,14
7,40,4,29,31,2
5,26,2,40,20,20
30,9,7,35,6,18
2,20,42,29,6,5
10,16,27,17,4,13
2,7,38,21,35,1
30,25,42,8,14,10
12,45,22,26,11,17
31,34,29,23,8,6
6,20,39,30,32,15
43,8,33,26,13,15
19,7,14,1,18,8
15,37,39,2,26,7
36,18,17,45,12,16
20,6,10,13,4,17
16,37,1,13,15,10
31,16,18,12,14,10
37,18,28,14,40,7
32,25,37,40,12,3
41,43,39,14,30,8
28,21,30,6,32,8
37,9,19,14,21,15
35,30,23,6,27,16
12,24,29,30,37,4
41,37,21,8,11,13
13,9,2,37,8,18
6,19,9,1,39,9
24,39,9,14,43,10
39,17,26,27,37,3
38,17,40,37,21,11
40,41,27,13,35,10
22,10,33,24,39,14
4,38,29,32,6,20
2,32,8,15,4,3
34,35,24,18,22,1
2,19,28,9,45,1
28,25,4,26,5,15
11,26,8,35,41,17
6,23,30,3,45,6
41,4,1,19,45,8
25,38,5,26,39,5
20,26,4,41,9,9
2,30,35,24,32,1
41,24,31,16,33,17
41,5,23,17,7,10
6,35,33,11,41,15
40,21,14,13,28,10
20,27,35,17,7,4
45,12,21,27,13,19
32,16,7,20,13,1
38,6,32,24,23,18
23,7,5,11,19,20
24,21,39,18,13,12
35,20,4,19,38,10
39,36,17,16,10,1
21,14,6,27,32,4
17,4,11,12,34,9
42,25,20,15,26,13
44,45,5,35,39,8
34,36,39,30,29,6
23,42,18,16,31,12
2,12,16,23,5,1
5,35,6,41,38,1
21,2,39,5,40,8
5,39,30,25,15,11
10,15,30,41,43,3
34,18,17,16,23,13
14,45,41,40,16,6
23,24,17,15,42,19
17,37,42,30,40,12
39,45,7,30,28,18
31,23,29,12,2,15
35,21,22,10,39,4
28,3,6,45,34,11
12,7,42,34,32,16
28,38,36,45,25,17
33,9,13,20,37,14
31,37,6,30,34,7
24,29,25,42,34,15
12,43,13,44,4,2
37,40,35,20,36,9
30,10,9,19,45,6
14,24,18,33,44,13
35,9,10,17,38,3
33,28,29,9,4,20
27,30,19,12,42,18
36,37,41,33,8,15
39,3,16,45,23,5
44,21,25,2,12,5
10,27,41,26,28,11
10,40,4,14,21,3
38,30,12,35,22,14
1,19,28,31,38,8
16,11,1,7,45,3
10,4,13,29,42,11
26,21,7,11,38,1
44,1,12,29,20,5
26,37,40,43,11,18
15,34,8,10,13,14
1,27,33,16,26,20
14,19,35,29,26,8
36,15,22,41,8,11
25,31,12,32,33,3
39,8,13,35,19,1
40,10,21,6,15,18
15,28,2,9,6,15
44,38,32,14,9,1
26,33,38,36,35,15
37,10,39,35,31,18
18,12,4,17,26,6
9,35,1,36,25,4
9,19,7,8,24,13
22,42,13,37,45,18
19,2,28,45,20,4
26,33,2,22,9,9
16,44,42,39,23,11
5,13,44,18,27,15
38,24,7,25,36,1
30,4,31,6,24,16
30,16,32,27,31,7
32,34,43,30,2,3
38,40,6,37,11,2
1,23,44,41,19,18
39,42,18,14,29,8
12,33,29,42,23,18
32,42,12,25,1,3
11,21,15,41,31,8
2,40,22,9,33,12
33,44,13,2,38,6
35,44,28,15,11,5
12,22,11,39,37,16
15,21,5,18,39,20
25,16,28,10,42,4
13,21,36,25,29,7
29,2,31,43,33,15
2,16,21,36,34,15
32,2,15,27,22,18
13,5,20,32,3,11
25,42,11,4,5,9
19,4,23,26,25,15
2,42,29,21,44,6
7,21,44,18,45,1
37,16,12,14,44,6
24,28,32,21,19,11
12,13,17,27,35,9
41,24,42,2,22,3
39,28,14,45,7,11
41,27,8,36,45,16
1,5,6,33,39,14
45,6,4,41,35,9
20,15,28,1,14,17
40,33,25,23,11,14
27,26,35,7,43,16
27,23,43,1,40,14
27,31,45,15,12,19
5,28,2,10,4,3
18,41,31,28,7,3
7,29,31,12,30,16
39,29,17,18,7,19
30,7,39,5,16,19
14,35,24,8,26,8
27,16,9,38,21,13
14,36,10,8,31,9
3,34,27,22,43,19
43,23,25,24,8,15
33,20,26,36,40,2
28,5,36,21,43,18
29,28,1,18,9,14
27,12,31,6,24,10
44,15,21,41,6,17
31,9,19,38,30,16
40,22,26,16,20,12
15,39,40,31,43,14
26,3,37,21,29,11
43,14,11,10,40,6
45,36,27,29,13,17
20,6,24,7,2,12
7,9,32,37,3,7
3,11,25,30,17,18
2,13,37,5,27,14
12,9,4,25,22,20
43,13,39,16,7,5
10,18,9,21,5,11
11,8,1,39,31,2
21,20,39,16,3,2
19,8,23,15,16,14
13,30,2,14,8,9
17,36,40,15,1,13
35,9,16,22,30,7
31,41,8,16,15,15
17,12,40,44,30,6
19,9,18,7,4,4
9,34,39,22,3,19
20,3,8,33,15,16
33,21,29,26,37,6
38,6,42,36,29,14
25,22,5,43,11,9
37,29,34,15,7,2
38,22,18,45,4,2
15,21,28,30,38,4
11,22,44,25,32,17
36,43,19,24,5,1
24,21,31,12,8,18
40,18,8,22,39,6
35,13,6,31,30,18
30,42,3,1,21,18
26,9,24,14,25,15
1,43,37,21,33,6
30,4,31,2,7,12
35,24,20,18,31,16
14,29,13,45,4,2
35,8,34,11,37,6
9,19,23,8,4,5
32,20,8,38,5,3
28,37,34,41,31,1
20,17,18,29,7,5
17,19,39,21,30,2
35,31,28,3,45,8
40,15,7,4,26,6
38,41,9,32,25,6
34,41,21,6,29,2
8,13,4,10,27,4
13,25,5,35,34,5
17,25,37,5,36,2
16,7,1,41,30,10
44,24,11,42,19,12
19,13,34,12,37,13
33,17,41,12,32,15
18,19,3,29,22,14
6,28,34,7,20,6
22,37,5,2,17,6
39,32,38,34,17,4
28,17,24,21,30,10
1,39,44,32,37,12
30,33,18,35,34,3
38,39,4,12,10,4
42,25,31,9,44,18
18,10,5,6,15,20
37,44,3,43,23,14
18,44,14,43,28,13
1,21,27,3,18,11
2,11,6,36,34,5
7,10,43,8,4,10
25,5,44,24,30,3
34,28,30,22,4,1
21,11,19,27,2,17
16,25,23,30,4,9
30,39,8,44,40,16
21,27,41,25,34,2
36,25,16,19,17,1
13,20,42,6,35,11
14,30,23,22,41,15
34,17,44,33,21,5
4,30,2,20,24,11
5,23,22,42,32,2
30,20,34,37,32,1
21,3,31,1,25,6
39,23,16,9,3,1
4,26,39,12,38,20
22,6,28,9,18,13
5,24,18,4,26,13
15,20,8,22,9,11
38,20,25,10,1,16
35,15,17,41,44,5
8,7,29,26,15,19
19,40,29,13,43,3
44,15,6,25,10,13
27,31,15,20,37,6
31,35,4,45,36,7
10,7,17,37,21,5
18,27,28,34,37,12
16,39,26,34,19,12
42,41,43,38,19,12
14,30,41,26,43,8
38,1,10,26,36,14
38,12,1,43,31,1
31,19,18,37,16,6
35,28,40,38,31,10
10,16,19,6,35,6
41,40,12,27,15,10
22,13,10,36,1,20
38,39,36,26,21,7
13,42,19,18,8,17
45,24,10,26,16,6
15,27,12,23,8,16
6,29,27,44,31,16
39,29,9,30,36,12
2,37,6,33,28,4
11,24,27,30,40,5
39,7,23,45,17,19
35,17,43,4,7,16
23,43,16,22,26,11
19,18,35,15,26,15
9,22,13,39,33,20
36,28,1,45,31,3
36,6,43,42,28,12
15,23,9,10,13,3
16,9,37,44,32,19
21,43,31,5,22,17
2,11,31,34,7,18
9,13,18,6,35,1
6,22,29,45,35,16
15,27,1,12,9,3
17,45,5,1,13,6
2,35,32,37,38,16
28,38,37,3,11,6
1,22,36,34,29,2
18,37,43,21,35,19
10,37,44,28,31,3
26,35,24,2,17,20
43,26,5,20,6,6
7,15,40,16,42,20
36,23,28,37,29,17
34,2,7,12,9,19
14,5,7,29,10,14
40,3,26,23,4,11
10,12,37,30,45,5
41,26,39,21,43,3
20,18,23,24,41,8
13,8,41,39,2,1
45,17,29,2,9,20
35,24,36,42,12,17
27,8,41,44,10,17
14,29,6,4,32,7
17,27,34,42,2,9
29,18,17,32,21,20
1,12,15,4,26,19
34,8,4,32,44,8
25,23,19,44,20,2
36,18,10,11,40,16
20,19,5,39,23,4
40,22,41,26,11,13
44,1,9,28,22,7
14,11,4,22,27,3
20,44,28,2,26,16
27,39,7,24,8,3
32,24,1,4,6,20
42,27,45,38,9,14
12,16,14,36,37,2
34,35,16,1,13,19
1,28,7,34,33,16
16,10,13,6,44,14
2,19,13,10,3,12
44,6,37,35,3,8
17,44,43,33,4,6
24,30,26,2,37,11
7,22,28,43,18,2
32,35,40,31,24,19
31,32,29,3,39,20
29,24,17,4,34,11
45,41,16,23,28,17
11,39,28,3,22,5
33,14,38,36,32,3
44,43,22,36,5,2
29,2,20,38,34,8
41,34,45,14,43,14
17,7,28,15,13,3
40,16,37,32,33,13
31,28,44,15,4,12
11,43,45,32,7,20
28,34,22,12,25,8
19,10,21,2,32,8
42,1,32,28,23,7
36,35,7,43,28,11
35,16,29,15,20,11
41,38,45,11,1,13
29,40,39,21,33,18
29,4,21,20,31,17
32,40,37,10,5,15
10,14,36,26,27,16
6,15,4,5,10,2
10,36,7,12,9,9
43,35,30,41,37,8
38,27,8,17,41,6
18,8,3,36,32,19
24,12,11,9,20,8
26,39,8,3,44,6
25,13,22,37,7,13
24,2,13,43,33,14
16,39,6,44,32,11
31,4,1,3,33,2
40,8,34,26,24,19
3,13,43,28,38,11
21,38,37,18,17,6
3,39,26,12,43,16
26,7,10,18,39,3
21,10,38,17,2,16
21,18,8,33,29,4
44,45,21,10,13,1
26,5,9,3,8,4
41,8,11,25,14,14
5,10,3,43,25,20
14,8,33,41,32,7
38,10,14,12,16,12
37,25,39,26,32,6
41,30,2,45,9,17
37,2,11,3,9,12
7,13,19,5,9,18
40,11,43,34,31,9
20,29,30,33,22,13
15,4,11,34,7,18
40,1,8,21,6,18
10,11,43,13,26,13
5,34,13,41,24,3
32,43,9,16,44,12
36,10,35,38,17,4
44,25,4,26,11,9
2,6,14,36,32,6
6,18,33,2,12,1
8,33,45,2,6,14
13,10,36,4,37,9
8,27,2,41,25,20
17,8,10,12,9,3
45,5,8,28,41,6
6,18,2,41,23,4
38,32,11,31,4,14
34,7,22,4,31,10
1,29,33,16,23,5
14,43,10,31,32,16
34,8,39,12,30,15
11,13,21,3,34,6
28,43,14,6,37,8
42,24,29,41,9,7
45,31,12,34,42,7
2,41,32,25,15,19
24,45,2,14,9,8
38,34,42,43,23,7
20,12,18,45,3,5
8,33,7,26,45,7
33,21,12,16,45,9
31,35,39,45,10,3
18,29,7,35,6,9
22,40,13,45,37,10
10,19,8,45,4,9
41,45,39,35,1,10
15,6,17,18,19,8
18,13,27,15,1,14
4,31,16,21,43,17
29,7,22,33,21,5
33,23,25,37,16,8
3,42,43,30,37,10
4,14,35,7,39,17
38,3,15,27,33,12
22,6,25,14,32,20
43,27,34,33,8,13
8,3,24,43,29,13
17,42,20,1,19,3
44,42,12,9,38,14
37,12,41,34,5,1
2,27,40,8,11,4
1,13,14,40,6,4
13,42,33,23,11,1
35,7,11,39,44,5
29,36,7,23,4,15
6,34,21,7,1,1
29,35,39,6,17,11
22,4,17,19,43,18
25,38,8,16,42,3
3,11,41,31,7,10
35,30,1,7,13,6
31,29,18,14,19,7
40,19,6,5,18,13
26,4,5,15,32,13
43,19,33,37,21,1
45,39,35,10,11,14
21,29,4,22,31,2
12,43,31,30,9,4
3,9,13,45,4,3
42,22,7,32,5,3
3,33,31,22,12,7
13,20,10,40,33,8
6,27,37,28,15,18
5,35,17,42,7,5
28,24,12,43,8,10
22,11,27,33,14,2
33,11,31,13,25,5
3,7,14,30,26,13
29,16,37,41,17,1
34,25,40,24,5,20
18,26,13,17,19,13
4,8,17,21,39,19
2,45,38,28,26,14
15,13,23,27,30,4
23,45,19,38,20,6
26,44,17,18,19,8
6,32,25,34,43,13
21,33,12,24,10,10
25,43,5,36,33,4
5,25,38,30,16,2
1,10,28,16,14,16
32,28,13,19,45,9
12,2,17,22,41,10
42,14,11,1,5,10
3,10,18,13,21,14
21,26,38,27,23,6
26,33,3,20,18,5
27,11,38,44,7,12
4,41,22,9,44,17
4,33,40,5,24,18
7,23,39,35,18,16
33,6,3,43,26,9
32,22,28,5,17,9
15,7,32,38,30,18
31,5,32,7,16,12
20,29,44,37,45,15
20,41,12,40,7,6
30,19,37,39,6,9
36,28,1,14,3,2
34,5,28,39,22,5
26,37,36,13,31,16
26,24,27,33,17,1
35,1,14,21,23,3
44,29,17,36,14,2
25,40,24,43,4,11
27,44,21,2,31,7
26,11,38,32,16,8
9,4,31,19,15,8
17,23,4,43,2,6
18,10,11,17,44,17
8,22,27,23,38,7
2,39,22,5,7,15
17,19,36,30,38,9
29,27,12,40,31,10
9,31,6,13,28,4
25,24,15,18,8,15
13,2,12,5,11,10
38,8,2,27,44,11
44,14,23,25,24,5
7,42,9,4,45,17
25,31,22,20,28,20
16,42,30,5,27,5
28,34,11,41,19,4
38,20,21,18,16,10
13,29,27,41,14,19
20,27,22,32,5,4
22,31,35,37,39,11
18,36,5,34,25,2
29,6,19,16,17,18
31,12,21,30,37,1
7,24,22,31,25,16
2,16,32,22,11,20
13,11,41,32,23,19
15,11,42,17,20,18
33,37,19,12,25,11
44,20,21,2,31,3
37,21,18,36,26,11
13,35,34,38,18,11
19,17,27,29,16,13
27,16,25,21,8,7
20,37,10,33,38,10
18,37,44,21,34,7
21,16,23,36,37,13
12,9,5,27,43,11
2,26,32,27,34,2
9,18,33,13,24,14
30,14,24,21,12,6
17,22,12,27,21,8
3,4,21,36,40,9
10,27,42,2,22,6
26,43,30,29,25,8
20,2,18,15,33,15
32,38,42,26,40,18
32,19,2,10,24,12
18,32,8,37,2,19
34,38,43,12,35,15
39,32,9,16,13,1
41,11,21,40,20,10
20,18,17,21,1,17
38,13,28,35,32,2
17,41,8,45,14,4
8,17,6,26,45,14
12,17,26,24,5,19
19,16,18,34,22,16
4,35,39,13,29,10
2,32,28,42,18,3
10,11,13,31,40,13
23,21,40,9,36,16
39,38,10,33,37,10
21,18,34,15,16,9
37,21,26,7,18,11
16,28,17,13,43,1
25,31,7,27,36,10
28,7,34,4,30,12
5,36,26,10,7,8
8,18,42,22,39,4
36,23,8,12,24,2
45,8,32,34,18,6
34,6,14,13,38,19
9,23,41,31,11,20
26,33,34,6,27,20
19,33,29,34,37,18
32,13,5,36,22,16
30,20,27,40,29,20
5,12,20,23,45,3
11,4,31,18,32,7
2,3,17,24,25,2
7,28,37,34,43,18
26,39,9,13,18,4
24,27,2,11,44,5
37,40,39,35,36,12
4,2,45,9,23,6
9,5,36,44,32,11
9,45,2,33,20,5
26,18,34,36,38,11
23,26,40,37,43,10
4,8,2,13,6,9
8,37,13,22,19,19
1,9,41,19,13,14
26,8,34,27,15,19
11,42,20,30,40,7
30,11,35,13,33,4
14,18,35,7,5,7
16,20,4,19,29,4
10,12,27,19,7,17
11,25,26,40,17,9
24,34,33,45,37,10
24,16,37,40,20,17
30,19,11,21,37,3
6,5,29,22,8,7
10,38,32,17,39,8
38,15,41,25,12,16
7,24,15,6,29,6
30,23,22,18,35,8
29,34,41,44,40,1
38,39,24,40,29,20
33,9,3,8,21,2
36,23,42,28,32,1
12,7,24,3,31,12
8,29,16,38,28,12
29,5,34,40,20,1
19,30,31,29,5,19
42,31,38,23,17,6
16,37,40,6,1,13
37,29,8,40,28,11
12,40,28,27,18,2
13,40,17,12,36,2
27,35,19,4,5,5
4,7,16,29,32,16
30,10,24,31,15,3
21,37,19,44,45,10
34,1,7,30,22,4
11,39,37,6,25,17
19,7,29,43,27,10
10,36,4,29,5,12
30,23,10,35,34,16
42,1,33,5,44,5
14,33,41,10,7,18
12,21,17,33,6,6
33,20,15,8,16,6
13,21,5,8,36,2
37,5,33,20,35,2
1,4,44,28,34,9
9,35,33,12,2,16
2,33,28,42,18,12
23,3,12,7,41,20
25,19,30,24,42,20
6,25,40,19,38,2
7,26,10,44,14,16
14,44,2,10,30,13
39,19,40,7,10,13
2,24,8,42,35,15
11,21,27,38,19,6
8,17,20,31,5,5
31,35,19,14,25,12
26,35,24,38,17,3
29,14,12,23,6,3
40,34,41,5,27,9
20,11,32,2,42,16
26,6,39,28,44,1
26,19,38,10,18,7
28,34,7,12,1,5
33,8,31,39,23,15
7,17,24,22,25,8
12,10,23,11,5,2
5,17,34,24,21,9
5,35,43,29,13,12
2,16,31,19,43,9
23,35,20,2,16,5
13,41,21,9,26,6
41,23,39,3,38,2
24,16,7,41,40,6
26,22,17,4,5,4
17,42,6,15,1,20
34,29,18,33,36,13
15,7,23,34,40,13
25,22,28,5,23,8
21,3,6,35,5,11
6,18,22,36,24,14
43,18,17,8,19,16
37,16,11,14,43,14
15,36,21,25,8,8
9,16,12,6,3,18
27,8,21,29,4,6
41,31,8,20,42,5
45,2,21,35,44,15
36,25,18,34,4,3
9,16,29,12,27,6
33,5,20,22,43,6
22,45,31,29,42,2
13,24,16,40,10,8
11,27,45,40,29,14
43,10,44,45,33,10
14,45,29,16,26,9
14,31,42,39,37,11
25,6,40,23,29,13
40,23,19,39,3,16
40,7,25,8,18,6
26,28,15,43,13,12
33,19,32,10,34,15
43,19,14,17,13,16
2,27,39,25,20,12
36,44,25,40,18,9
45,19,25,5,8,19
28,33,35,27,21,4
19,24,29,17,35,9
13,19,5,18,37,3
2,41,27,12,36,6
30,34,19,43,18,19
6,27,14,3,12,3
12,19,18,25,22,13
32,10,9,12,20,1
20,43,29,41,44,13
38,4,18,16,24,1
29,36,7,3,25,16
27,21,34,32,41,8
34,40,26,15,36,9
42,28,41,26,15,7
19,34,10,24,45,20
31,26,19,14,44,3
37,1,5,23,20,2
40,13,14,37,5,13
24,32,6,2,4,14
26,22,37,25,29,9
15,31,28,10,9,9
24,18,25,28,39,4
22,40,17,8,36,1
37,24,13,23,28,11
24,17,15,14,9,18
17,37,20,36,2,10
2,32,22,13,15,17
4,37,3,20,27,15
26,1,34,35,15,7
25,41,18,45,3,12
37,20,13,36,21,16
30,13,1,12,38,5
35,5,9,14,33,12
32,18,37,24,22,11
7,6,16,45,35,15
27,39,30,18,22,3
40,23,2,17,29,12
23,34,20,41,18,3
38,36,42,11,10,4
1,42,41,28,37,17
24,20,23,35,38,17
15,36,23,2,37,14
34,38,1,29,27,16
1,9,21,11,20,16
16,2,22,32,29,7
24,26,33,5,7,1
25,1,28,19,43,16
3,40,4,38,11,13
11,35,36,16,7,4
23,44,5,1,33,5
26,10,42,4,1,13
18,9,20,29,37,9
4,18,2,16,41,6
26,16,11,15,29,16
41,28,5,10,27,9
1,37,12,38,30,9
1,11,16,7,33,18
44,8,7,35,39,17
26,29,8,7,17,16
17,22,12,7,36,19
12,45,3,34,40,20
15,41,10,6,40,8
45,14,9,42,23,16
20,44,36,41,8,1
36,7,31,13,23,20
8,36,1,15,42,7
40,27,11,24,33,10
14,39,31,15,42,5
21,42,5,9,20,8
45,39,18,44,41,18
1,37,17,35,2,9
34,4,36,20,16,11
18,31,10,42,11,4
39,10,12,45,3,5
27,28,39,45,9,16
23,27,19,13,12,10
19,29,17,35,16,15
29,32,36,13,5,5
27,2,32,41,1,11
8,1,15,14,44,7
3,16,31,10,12,14
41,25,35,26,27,4
12,25,27,44,1,10
29,28,3,26,2,14
45,23,6,29,13,15
14,40,12,20,3,16
45,29,41,24,40,18
14,11,35,19,25,13
41,34,13,43,7,19
9,43,3,4,16,4
27,17,25,7,23,14
31,32,14,18,26,19
30,18,1,27,41,11
11,24,22,30,36,19
17,25,36,22,42,19
43,14,19,11,5,3
36,20,21,2,23,1
32,11,36,26,14,13
39,16,31,18,17,17
11,23,38,7,18,2
26,21,40,15,31,13
44,39,14,19,29,5
32,39,43,31,28,17
43,14,25,19,39,15
21,39,41,17,23,7
3,36,13,42,45,5
21,3,16,23,28,10
14,19,17,33,16,7
14,39,5,9,23,1
14,29,39,3,45,14
16,31,41,32,26,14
2,34,41,32,15,13
13,1,9,19,5,12
38,21,33,25,35,5
22,13,29,25,9,8
1,9,20,44,5,8
7,13,28,29,39,8
32,37,23,44,24,2
44,34,40,41,25,8
23,35,40,15,10,14
39,16,27,17,19,4
26,35,25,12,44,12
19,25,23,14,42,2
4,13,39,19,15,17
15,45,31,19,44,7
41,38,16,1,20,19
19,12,37,27,17,18
15,18,29,12,39,14
43,38,14,19,23,19
27,14,31,30,34,12
18,8,28,21,36,1
13,34,38,17,4,12
20,23,30,19,41,8
40,35,24,21,22,3
15,3,38,32,19,20
31,11,22,2,28,16
32,6,19,30,27,4
3,40,15,19,45,18
7,14,31,44,18,14
31,18,42,30,2,17
5,37,42,11,6,7
18,6,28,23,35,5
10,31,11,44,36,8
24,6,23,2,42,14
32,18,12,5,20,2