8,20,37,16,39
5,37,30,23,16
1,4,13,5,34
27,17,5,28,22
14,35,32,39,29
21,14,20,35,4
22,16,28,13,11
31,7,27,21,13
29,42,14,21,34
15,18,42,22,3
45,16,2,5,35
28,5,36,25,38
45,8,24,37,35
19,20,43,10,4
11,19,6,29,17
27,5,2,15,42
29,13,44,11,17
10,36,6,43,9
11,45,12,19,43
10,37,35,36,18
38,22,32,7,3
21,44,13,18,27
15,6,2,14,8
5,3,43,7,42
1,24,28,31,22
3,40,10,34,25
23,40,10,17,14
25,43,24,28,15
36,26,44,27,13
45,32,2,34,21
29,2,19,12,30
14,16,39,36,27
19,7,2,21,12
43,13,15,29,36
13,41,7,28,42
14,29,33,44,10
6,13,5,43,22
4,42,14,39,24
16,25,24,31,4
25,41,18,36,22
40,4,20,32,7
37,20,24,1,25
12,25,7,34,3
33,43,10,40,15
10,34,1,41,40
20,29,22,16,42
13,31,39,17,14
44,33,34,26,25
1,42,40,12,36
42,30,40,39,35
27,41,25,15,30
42,11,20,23,1
11,31,10,20,16
2,44,23,9,10
15,25,36,23,9
42,16,41,39,13
41,28,17,12,26
14,22,3,35,20
12,30,42,5,25
10,1,19,17,18
19,31,32,44,23
7,13,23,2,34
22,31,26,36,34
36,11,43,2,12
23,41,36,32,12
8,25,1,6,34
15,21,4,1,44
45,39,9,38,41
45,36,1,16,31
12,35,39,33,40
41,43,30,1,31
30,37,10,8,44
11,17,22,40,23
1,20,12,40,15
29,26,1,13,4
19,4,6,8,16
26,31,35,1,42
8,10,30,7,28
26,3,31,9,12
1,41,36,11,8
30,31,23,6,5
43,9,40,12,44
17,40,10,18,41
17,6,14,2,21
1,26,17,30,28
45,44,37,43,15
25,1,5,30,39
1,32,15,9,24
41,7,34,17,15
39,16,19,29,35
28,33,32,26,11
8,26,14,7,17
41,24,6,34,39
4,34,6,37,44
26,41,28,16,17
23,12,3,22,40
8,30,25,41,33
43,34,9,21,35
12,7,33,44,15
9,28,15,17,37
14,31,34,30,19
36,26,1,3,6
18,1,24,23,10
32,25,12,35,8
37,19,20,32,22
11,35,9,29,36
7,26,17,42,25
31,8,17,19,45
39,36,10,12,21
27,34,44,1,42
2,25,1,14,8
39,33,42,45,22
38,39,12,15,40
15,11,3,17,40
6,44,9,28,34
10,24,28,26,18
17,39,11,14,38
2,22,19,12,32
33,41,43,34,44
45,4,19,42,3
39,45,38,12,35
21,44,1,8,12
9,38,33,28,26
21,7,40,26,28
24,16,26,42,7
44,1,22,13,38
32,37,19,18,39
10,23,20,5,16
22,23,44,7,33
17,1,25,27,19
16,29,15,35,42
43,9,6,13,4
1,38,14,11,34
1,18,29,44,10
23,27,28,33,17
24,5,22,12,20
38,18,29,7,39
31,35,4,40,8
18,20,30,33,19
20,25,44,45,36
11,41,6,27,21
22,8,40,36,3
44,14,12,5,10
23,32,8,9,29
7,45,20,8,17
20,6,39,35,40
14,36,4,20,22
18,15,11,13,8
1,3,11,2,40
7,41,23,29,3
21,10,22,44,4
26,11,30,25,34
17,5,19,39,45
14,1,24,4,20
3,16,8,32,28
8,38,4,3,12
31,28,14,16,42
1,22,38,45,15
8,18,39,34,22
23,37,9,42,19
44,14,37,34,1
7,17,42,21,25
7,29,42,12,17
39,29,3,44,17
43,34,13,3,2
26,41,15,9,11
34,45,22,10,30
45,2,32,15,35
4,42,3,2,18
42,27,41,38,5
43,32,21,23,38
30,4,22,2,3
31,4,16,5,6
22,16,15,4,33
35,25,21,10,11
3,16,9,5,28
12,37,39,24,43
14,44,33,3,18
34,11,35,15,37
41,1,5,28,10
21,6,20,1,43
42,3,35,6,38
9,36,3,6,11
14,13,30,38,23
12,8,20,29,17
16,2,28,20,31
13,9,4,18,27
30,35,23,26,42
8,12,30,25,17
33,18,9,44,3
5,13,17,32,4
21,35,28,10,29
41,32,34,6,13
27,25,37,33,35
15,40,39,29,5
5,24,44,32,8
43,8,41,12,11
19,9,25,17,15
8,33,32,3,12
41,15,6,32,21
22,44,7,33,25
18,40,26,13,20
18,33,19,5,28
33,26,35,29,19
28,16,1,25,27
14,39,34,44,11
8,3,6,37,20
25,32,41,37,34
18,22,8,42,24
11,26,44,24,33
37,41,29,28,24
15,9,30,7,16
34,38,10,42,24
35,44,25,30,3
4,16,5,22,27
1,43,29,5,15
23,5,41,13,14
3,15,29,32,42
21,31,5,18,27
7,3,20,24,10
41,30,37,20,4
45,27,3,17,28
2,19,22,29,38
16,37,33,23,40
18,42,28,22,5
10,33,16,30,5
36,33,22,10,27
36,14,41,24,37
13,33,27,42,38
12,24,40,4,8
20,13,42,11,22
6,36,2,13,37
8,5,20,41,7
16,37,18,1,28
28,25,11,23,20
34,24,23,12,5
37,25,35,28,45
18,44,39,34,14
42,40,11,36,44
38,30,33,44,7
17,9,2,22,28
28,14,39,42,32
24,44,39,30,5
8,26,6,19,24
43,37,24,44,8
23,18,12,24,27
13,44,27,7,14
21,44,29,41,31
42,6,31,13,34
41,5,29,14,35
13,32,24,3,29
43,23,6,4,29
36,38,37,43,24
11,4,18,29,31
32,12,24,44,8
20,16,14,23,22
34,29,41,33,27
18,44,32,33,2
30,40,24,20,8
27,39,40,9,31
23,39,10,29,28
23,13,7,15,45
14,28,24,32,20
15,6,17,25,45
13,4,3,22,16
45,31,23,34,1
24,37,19,15,8
31,23,26,6,20
8,26,39,34,30
30,28,2,34,20
40,11,38,35,6
33,39,32,9,18
29,17,25,31,38
41,26,9,4,24
11,4,25,37,31
36,20,9,12,1
20,16,22,32,3
2,26,18,23,6
36,18,14,44,32
31,2,40,11,8
16,30,13,12,36
33,37,5,41,9
42,28,6,13,22
7,3,19,38,36
3,37,17,13,22
36,5,39,45,10
15,22,27,10,25
13,26,5,11,27
38,2,4,26,7
9,39,36,14,38
36,18,16,26,12
37,32,30,20,12
21,26,25,40,41
3,14,42,13,39
43,32,20,19,23
29,10,30,43,11
1,9,19,22,33
8,6,28,42,31
20,4,45,28,42
36,22,32,18,1
33,40,10,38,32
23,3,14,29,27
12,32,29,42,10
27,33,23,19,8
23,15,43,32,33
33,45,42,14,39
45,18,28,15,16
16,17,39,30,12
38,37,25,27,11
19,30,24,33,14
5,12,32,19,18
24,42,34,12,15
7,42,1,15,43
26,39,10,12,8
11,19,13,9,30
40,2,34,3,12
9,45,29,14,17
26,11,44,33,2
13,10,1,39,34
10,1,23,31,19
33,12,37,22,41
13,16,23,2,8
35,21,32,3,8
36,31,12,4,8
2,45,20,16,13
10,39,42,8,15
7,38,18,32,4
9,30,35,29,2
2,38,23,25,32
36,44,16,31,38
23,16,17,27,40
16,2,3,14,39
29,23,1,15,9
17,45,16,8,36
1,12,41,33,9
4,21,20,42,3
37,34,16,29,14
31,4,15,20,27
2,31,14,38,25
13,24,7,11,20
14,44,6,27,3
14,28,20,42,17
40,21,41,6,3
36,37,39,27,14
7,5,13,15,36
26,8,38,2,7
25,32,1,27,3
15,14,18,35,41
21,5,4,11,41
27,25,4,30,9
1,29,19,38,40
38,33,10,9,34
1,29,26,24,17
18,24,31,41,3
34,4,23,2,32
39,45,7,37,34
7,10,31,19,30
36,1,18,13,7
23,16,1,11,4
32,12,13,10,24
42,17,11,9,34
3,37,22,8,30
13,2,41,35,4
25,40,3,4,16
5,9,42,17,33
2,35,16,41,34
27,35,23,34,41
15,27,7,6,11
39,9,8,20,40
18,19,10,5,1
26,33,13,5,25
36,41,39,26,1
29,4,37,43,24
6,29,36,44,24
25,9,1,7,5
30,31,5,28,4
4,30,22,24,36
17,44,30,20,19
14,28,20,23,24
43,41,11,15,30
9,35,7,29,5
3,44,25,1,27
11,7,5,1,3
34,17,30,16,14
38,11,30,24,23
43,9,16,12,39
22,19,16,21,42
37,22,15,39,25
30,24,22,36,12
5,38,6,3,23
4,8,27,45,36
9,35,13,34,37
20,7,37,45,43
12,13,41,1,35
3,36,6,10,39
31,8,1,41,38
31,4,33,24,39
19,27,32,31,21
31,40,16,23,13
34,17,41,30,8
18,21,10,13,44
9,8,11,10,25
29,24,8,36,9
8,39,14,41,43
32,16,44,19,11
13,4,36,32,8
44,16,5,13,2
24,34,4,33,15
2,34,29,23,31
3,44,16,28,32
3,40,10,5,41
10,26,4,3,42
28,39,11,7,8
43,35,7,22,31
5,28,35,22,24
42,14,6,8,9
44,12,42,9,18
37,14,27,42,29
11,27,36,34,31
9,27,12,28,13
15,36,26,33,44
33,23,44,42,15
28,40,5,21,36
44,30,19,27,16
19,8,41,12,39
37,45,39,31,29
34,41,13,33,35
41,29,15,27,14
3,2,36,10,44
36,23,18,20,42
28,35,25,44,22
8,22,3,34,11
24,8,25,37,14
5,28,41,11,29
26,1,14,24,42
39,32,16,33,42
16,8,22,25,26
40,4,35,27,17
26,39,34,25,5
31,21,20,11,36
2,33,39,28,6
1,4,11,39,41
43,8,40,34,29
39,11,28,5,40
36,11,18,17,19
41,19,29,8,9
28,1,36,12,27
45,9,12,26,3
40,5,15,31,18
36,6,23,35,29
29,18,16,1,30
42,25,17,18,37
17,35,39,38,33
29,20,18,9,37
29,41,39,42,10
17,29,22,5,34
44,5,15,41,1
3,32,44,29,13
18,5,16,37,43
12,23,22,6,16
34,17,13,3,36
26,45,20,24,6
4,33,16,12,21
32,24,5,13,18
32,45,43,23,42
28,3,13,8,17
10,11,19,7,45
34,25,17,33,20
20,40,28,16,7
34,26,20,11,5
8,20,4,9,27
17,26,41,15,30
12,39,1,35,15
44,35,3,31,7
44,19,9,22,41
23,35,17,20,26
7,25,20,10,3
19,31,7,14,22
18,6,14,13,9
3,8,31,7,35
28,6,37,44,33
25,19,30,11,45
36,3,2,29,17
34,38,42,9,16
45,38,2,7,21
40,15,37,13,1
25,31,44,21,10
14,15,43,16,23
5,28,25,29,33
17,26,2,31,12
26,21,24,40,8
32,21,12,11,40
17,28,40,11,14
6,29,31,22,38
38,4,14,15,31
40,41,30,2,32
21,2,29,25,4
11,22,6,42,34
6,35,3,31,1
43,44,21,8,41
7,28,15,20,23
7,34,41,4,36
37,28,16,7,6
39,32,8,3,23
39,17,20,9,10
35,31,9,25,29
26,14,25,42,35
36,13,23,41,4
8,2,36,5,6
8,45,27,14,9
37,5,43,11,23
30,37,45,43,38
16,6,35,41,37
22,27,43,15,18
45,6,43,19,14
18,7,11,3,40
26,43,21,14,45
17,32,29,12,30
20,10,28,4,1
21,17,24,42,23
2,40,23,13,33
36,40,35,34,37
1,40,30,4,19
23,41,29,3,36
14,15,17,44,27
5,21,17,20,3
33,34,17,16,21
29,16,4,10,41
24,28,5,18,9
45,24,4,23,29
13,35,29,24,25
44,2,10,9,13
11,1,38,32,17
27,40,25,26,21
19,44,1,28,40
23,26,32,19,42
12,36,16,30,13
17,14,31,30,20
12,27,25,31,42
29,45,38,9,27
31,32,35,12,9
22,30,26,4,6
31,35,26,24,9
30,17,37,8,6
42,29,34,20,10
43,34,11,20,17
17,19,23,22,38
15,31,29,37,44
33,36,37,2,31
27,17,11,35,38
43,42,14,45,5
19,43,21,29,31
45,11,3,4,7
24,32,2,36,16
41,44,30,11,5
6,12,10,31,29
20,34,10,23,32
8,33,38,42,29
21,27,26,30,20
31,14,44,45,27
19,42,38,14,37
8,6,7,17,19
1,8,26,20,21
34,29,16,14,18
23,11,15,19,1
35,3,7,38,30
5,11,41,9,22
34,11,12,27,14
6,22,40,16,38
10,36,4,7,29
11,18,26,4,1
34,4,20,26,7
5,25,38,41,23
1,33,13,3,27
18,29,4,35,27
28,5,14,22,2
4,24,37,43,39
29,43,14,26,21
43,16,4,1,45
33,45,10,15,21
41,26,31,10,18
16,39,13,30,45
42,44,21,20,35
35,29,10,13,25
12,36,15,40,10
32,22,45,8,42
30,43,9,40,8
23,12,24,21,27
11,19,16,30,41
32,27,17,40,3
5,37,29,28,39
32,41,23,44,7
33,13,28,42,35
15,17,26,45,11
9,20,43,22,45
23,33,1,11,26
34,6,4,32,33
29,44,33,3,11
15,2,26,21,37
34,18,16,37,13
3,22,18,34,1
10,5,35,21,17
1,17,36,11,16
2,39,9,32,28
5,32,30,9,4
44,23,28,45,42
35,8,4,20,19
37,14,27,45,36
15,19,36,26,21
10,25,14,45,11
25,11,45,37,22
27,9,31,34,4
34,26,37,13,35
23,42,1,33,34
35,5,24,43,11
41,32,33,15,24
24,8,14,36,17
31,8,28,34,43
10,19,7,18,14
41,8,3,14,17
18,33,28,19,40
30,36,23,4,24
2,8,20,29,38
36,28,1,24,15
27,33,31,42,36
33,11,17,29,31
40,30,36,10,1
17,13,37,10,36
19,13,42,30,2
18,19,4,27,42
30,21,35,6,27
42,37,31,34,33
9,25,2,12,14
3,35,17,12,32
23,21,32,41,31
45,19,20,34,28
42,45,25,7,4
25,15,5,34,40
24,34,12,3,45
24,37,19,36,23
18,27,16,37,30
15,32,40,4,27
31,26,45,12,37
37,32,10,15,24
14,27,10,17,44
13,22,12,43,1
35,4,22,41,2
1,9,35,37,11
33,31,45,4,13
42,8,27,26,18
25,19,14,23,22
33,23,29,20,35
3,25,12,8,31
23,9,11,4,40
40,44,26,22,41
14,28,18,24,7
34,30,29,45,33
39,20,36,11,29
3,30,6,40,43
15,17,18,8,44
27,45,5,9,11
36,9,34,43,24
10,35,32,24,40
10,32,7,28,12
10,41,3,31,28
33,17,7,37,15
8,26,4,19,15
34,8,38,24,43
24,6,15,33,11
22,1,5,37,44
38,29,39,7,36
28,13,15,37,2
36,3,9,30,2
20,15,39,24,27
33,40,36,2,30
38,44,16,36,1
7,36,10,41,34
18,23,36,27,44
19,40,2,36,20
7,11,6,10,13
10,38,30,9,33
9,8,29,3,31
31,23,4,20,42
31,3,4,39,11
19,4,11,9,7
40,12,13,37,8
44,20,23,5,40
24,39,23,4,40
20,31,27,38,39
9,14,28,31,8
45,20,33,19,43
11,8,25,18,14
3,1,18,16,17
7,37,32,16,21
43,26,2,9,45
15,5,8,1,33
35,16,19,8,44
18,8,36,11,2
10,38,8,23,45
9,25,6,30,39
9,30,12,23,44
27,5,34,10,7
30,42,24,35,22
13,44,37,12,36
20,22,45,2,13
14,34,16,45,3
33,23,36,7,29
14,29,7,27,35
10,20,1,45,32
20,9,32,27,39
25,18,42,13,43
34,28,30,38,39
7,19,41,31,1
21,12,39,15,17
32,44,16,41,7
15,20,36,8,39
4,37,11,10,16
43,41,45,9,31
20,30,5,23,24
30,28,18,40,13
9,7,1,34,15
17,11,31,32,18
36,29,28,4,5
25,9,32,3,21
40,4,37,26,20
3,45,15,17,14
12,3,15,19,14
19,20,28,34,5
1,38,19,9,8
13,33,44,2,10
42,26,27,10,1
16,28,4,6,27
21,40,39,41,35
14,6,41,28,25
28,35,40,13,16
11,6,12,39,8
2,9,40,26,28
37,20,14,19,42
16,38,12,24,23
16,26,25,21,18
26,41,38,37,45
39,3,22,17,1
21,29,32,2,19
41,39,30,38,7
32,26,22,25,13
34,20,39,30,8
25,14,10,36,34
43,28,45,30,1
17,5,10,32,19
30,38,26,10,27
36,7,14,33,2
7,15,42,13,41
34,27,13,17,6
5,28,39,3,18
1,34,14,44,26
21,2,5,28,9
16,10,29,30,31
16,40,31,33,15
10,23,20,29,44
33,29,6,27,30
29,37,43,5,8
2,28,41,26,1
45,23,36,15,12
11,27,16,33,14
32,3,42,26,12
3,23,5,1,24
30,24,15,14,31
18,21,38,1,14
22,17,42,36,39
7,28,25,4,35
30,35,42,5,4
28,14,9,29,38
16,44,29,42,18
42,36,11,7,40
23,30,29,44,10
45,36,33,43,31
18,24,9,15,30
17,6,23,25,8
15,11,18,29,45
4,25,38,39,21
20,2,30,1,6
18,9,22,6,12
27,9,36,22,7
41,1,25,16,5
45,37,3,8,11
9,34,23,19,15
33,36,31,24,23
20,4,24,28,32
42,7,22,29,31
32,2,20,33,15
3,41,39,45,5
31,34,26,22,20
22,14,8,16,12
15,10,1,31,25
17,8,28,18,35
5,2,7,33,13
7,30,1,6,24
29,36,22,5,31
5,10,17,12,41
15,22,18,36,23
31,29,2,28,6
28,2,6,9,38
37,11,44,36,7
21,13,5,34,31
25,36,5,28,19
9,22,13,37,21
42,1,26,30,15
15,10,39,17,2
19,44,17,24,6
4,43,34,28,27
30,23,15,42,37
20,24,45,3,8
9,7,22,29,39
5,36,4,7,1
33,17,12,10,25
29,39,26,45,33
40,27,1,41,6
41,27,31,22,17
45,23,29,37,43
2,23,4,22,39
15,43,9,42,1
21,3,20,13,40
43,4,31,19,11
23,25,15,31,11
11,14,15,8,39
3,24,2,17,21
19,25,27,22,13
11,5,23,12,18
3,15,43,13,39
22,34,41,25,2
23,43,22,8,36
30,38,3,33,23
41,32,9,31,44
17,4,27,42,7
45,9,4,13,31
10,39,2,8,29
38,40,4,21,9
13,31,18,40,11
38,10,21,12,9
21,31,32,40,29
24,43,42,37,8
12,21,5,4,15
37,24,12,35,39
19,23,42,9,40
4,11,23,34,22
1,21,17,41,13
20,28,13,5,25
11,38,20,35,3
45,10,12,43,29
42,3,37,26,2
36,19,26,13,23
4,3,12,8,25
3,18,8,10,17
45,9,30,26,1
3,29,7,38,14
30,28,4,26,9
22,43,10,7,32
32,28,20,6,16
3,19,44,9,7
24,17,11,26,22
3,9,11,18,36
6,18,24,20,34
44,42,4,21,15
14,44,8,33,29
1,4,8,43,34
38,20,29,43,34
4,17,9,32,22
42,3,23,36,13
1,17,39,25,30
40,13,1,24,15
13,40,14,17,3
45,6,21,30,20
45,5,30,25,22
25,3,22,24,13
32,22,5,25,21
13,24,29,38,2
23,11,19,45,32
38,6,3,4,41
30,7,1,24,34
32,1,26,3,25
43,14,37,9,35
30,27,45,4,21
10,42,32,35,6
28,25,12,5,15
39,4,28,9,31
2,24,19,9,25
36,15,40,13,24
39,14,21,6,36
27,32,2,13,33
15,11,2,1,35
9,36,38,27,29
32,29,25,21,23
37,38,10,43,14
2,38,35,6,25
11,27,1,40,44
19,29,37,14,24
32,16,8,42,10
3,41,22,18,29
12,2,30,10,14
26,18,15,13,3
21,45,35,44,9
43,21,31,17,41
27,1,28,15,12
43,4,17,41,39
31,8,15,40,21
36,29,2,4,28
34,10,35,24,31
1,28,16,20,29
28,39,25,30,12
7,34,23,45,4
15,1,8,5,12
33,38,6,15,42
43,28,33,32,24
41,35,33,43,40
24,10,11,41,25
26,23,36,12,17
38,4,3,32,39
8,6,27,42,12
42,2,28,14,23
31,29,11,15,16
25,33,8,31,17
1,10,5,30,2
36,5,35,12,33
32,11,28,26,10
6,23,24,37,25
15,40,19,16,7
5,10,28,16,40
11,22,25,18,41
20,7,23,40,6
10,45,29,36,35
24,27,18,41,10
41,13,12,5,40
43,7,31,44,22
34,43,38,40,41
27,12,23,8,29
12,42,1,21,7
41,9,40,16,33
30,24,8,16,37
2,41,27,9,12
3,29,42,33,32
15,14,17,38,12
25,35,29,44,36
17,13,36,45,21
43,12,10,29,30
28,31,37,27,42
3,23,13,32,17
27,34,14,25,23
37,30,38,21,4
13,19,2,16,20
17,37,38,29,31
20,35,4,14,27
41,8,10,38,28
8,24,3,40,5
21,34,19,18,38
41,45,31,5,2
33,3,4,16,37
27,22,38,42,40
25,1,22,38,16
9,11,33,43,44
36,21,4,34,33
43,33,17,29,11
10,14,13,30,7
13,8,30,42,1
41,31,23,45,14
14,12,45,8,23
18,14,45,27,11
31,20,22,32,29
29,38,22,27,8
21,25,20,30,38
36,26,22,11,35
25,42,37,4,7
17,26,34,16,14
30,5,41,31,26
31,1,35,3,42
12,39,13,34,20
11,28,5,9,31
14,1,41,27,39
33,42,14,34,10
15,45,40,8,22
12,30,17,36,28
45,43,14,29,35
43,33,2,31,35
45,11,13,38,25
34,3,16,40,26
10,36,24,17,41
25,5,39,2,3
22,37,6,16,26
3,4,21,30,25
12,21,17,23,20
31,34,11,12,24
10,18,2,19,16
25,34,2,18,22
28,34,11,9,3
9,41,8,23,35
11,13,10,36,21
41,23,40,28,12
27,45,40,11,5
2,33,20,6,34
15,44,11,19,32
43,41,40,24,12
6,30,39,14,36
16,30,28,45,2
42,14,27,12,3
24,13,12,31,6
12,21,31,43,4
40,23,42,29,16
14,19,10,21,40
10,32,44,4,18
23,44,15,35,34
38,12,44,27,37
15,30,17,32,4
16,32,18,31,14
39,38,44,37,27
35,38,39,11,34
32,9,34,5,2
21,34,12,19,8
14,40,7,5,29
2,41,35,20,33
29,5,15,32,44
38,23,13,18,3
40,32,33,14,35
8,23,45,33,2
18,34,37,12,5
18,1,8,4,39
24,16,21,19,17
23,5,33,25,22
12,21,37,8,35
37,24,23,30,8
26,43,18,45,12
26,21,8,12,7
31,42,1,30,15
6,22,2,31,18
19,7,29,37,18
40,10,16,29,34
43,26,7,8,6
34,15,17,9,24
23,10,5,3,44
9,15,41,27,35
9,37,14,43,40
39,24,18,30,38
21,45,7,14,44
8,17,29,14,15
43,39,23,28,24
27,4,30,26,44
38,20,41,34,45
15,43,35,5,12
2,29,6,20,16
36,19,17,8,26
43,31,14,6,42
5,10,44,20,9
22,1,21,43,41
1,5,27,43,42
21,31,14,19,32
22,40,27,10,17
43,24,5,27,14
5,27,24,35,31
27,44,39,26,3
20,14,31,21,30
38,34,11,27,40
15,16,43,2,28
2,1,19,4,16
38,27,45,21,14
32,25,27,37,26
20,27,32,34,6
25,17,4,28,30
9,14,1,11,5
41,5,19,44,12
3,14,13,27,31
35,25,32,33,41
10,5,26,11,21
31,37,39,15,45
18,29,14,5,4
32,5,38,29,36
42,20,6,13,39
25,44,24,12,43
7,16,38,1,13
27,45,41,37,20
45,25,17,39,36
13,41,22,14,4
19,10,1,28,5
44,12,19,29,30
38,28,31,10,27
11,24,30,18,13
1,12,42,4,8
42,41,21,31,19
19,32,31,10,2
22,25,37,18,23
22,21,42,27,15
6,25,17,11,9
24,28,15,17,33
23,43,11,4,34
9,43,14,10,17
1,21,9,26,34
12,13,18,32,34
16,42,27,39,7
18,24,29,2,27
41,15,33,19,31
20,34,43,40,44
13,12,31,27,2
8,39,41,20,31
37,19,10,13,9
39,20,17,41,33
3,30,25,13,21
7,45,4,20,18
28,45,20,34,17
16,23,18,40,13
37,27,22,2,41
19,28,14,42,13
24,16,43,30,42
35,15,34,40,36
15,14,13,35,9
43,41,7,29,23
12,42,27,18,30
5,25,26,11,20
9,21,3,14,5
20,28,44,32,10
41,24,44,19,5
3,21,32,22,4
33,16,5,24,29
22,24,9,35,7
29,17,44,22,31
34,44,27,13,29
3,8,25,39,6
2,24,18,27,39
5,3,36,33,27
18,40,6,43,41
26,24,9,39,16
29,13,23,38,21
32,35,39,37,16
39,42,1,11,16
41,23,19,32,22
28,3,43,29,35
34,20,44,40,17
23,16,25,31,21
3,23,36,38,15
24,23,45,6,42
17,31,12,40,10
39,19,16,38,29
42,36,34,12,32
44,27,20,2,36
44,16,33,19,41
5,33,40,7,9
20,18,16,17,38
36,39,16,7,19
29,40,21,44,26
25,23,1,11,29
21,39,43,31,38
40,26,13,27,6
29,28,20,22,37
4,42,45,13,24
2,22,39,12,34
38,15,17,29,21
40,15,39,33,34
32,21,7,20,31
19,34,44,3,17
42,20,31,36,6
44,19,28,4,13
45,38,13,24,10
3,44,28,32,20
33,5,9,36,16
20,32,36,4,14
1,35,20,2,21
2,33,17,41,3
42,12,22,28,4
20,28,16,39,4
20,42,34,18,2
39,19,38,14,40
17,43,37,33,31
6,19,8,10,14
6,24,5,15,44
45,35,44,13,30
1,29,43,32,5
9,13,12,36,31
37,28,8,14,25
31,30,42,24,25
1,27,24,40,32
8,30,7,11,10
32,26,44,24,36
25,10,17,39,38
8,1,24,9,2
36,41,33,2,9
38,1,28,21,9
44,45,16,2,34
31,6,30,35,13
19,18,39,28,11
29,7,10,37,27
38,37,6,35,25
39,23,40,37,44
41,28,35,37,1
18,20,1,34,4
15,9,22,42,5
24,28,32,25,18
5,29,44,15,16
27,39,42,41,1
39,42,14,18,15
1,3,30,16,23
24,14,20,9,30
42,39,16,9,5
10,32,18,29,19
5,7,37,17,13
38,1,37,26,32
6,13,18,23,45
6,43,13,2,16
8,29,45,21,6
40,9,16,3,33
17,19,41,14,21
36,12,35,11,17
19,2,31,30,40
43,15,37,14,10
9,42,26,11,6
29,14,9,43,8
6,1,14,34,41
5,24,18,13,35
35,23,30,4,7
23,14,37,7,2
40,23,25,33,17
41,36,29,1,11
5,4,14,8,13
31,25,21,41,19
19,34,18,25,36
7,27,25,36,44
10,29,34,31,21
20,8,6,16,43
15,36,23,11,20
20,6,39,13,12
12,27,41,11,43
9,33,3,16,36
8,32,7,25,9
29,24,9,42,36
29,14,4,31,15
17,2,28,22,14
4,13,42,3,28
24,38,7,33,14
12,22,5,34,19
19,20,41,22,4
24,40,19,44,4
21,35,25,42,3
7,4,19,34,9
21,28,20,45,44
30,41,10,6,35
39,11,9,2,7
18,8,42,27,1
11,44,13,16,39
2,16,7,10,40
44,37,16,15,34
13,24,16,30,21
31,22,37,24,25
16,14,9,11,24
28,31,15,12,9
40,44,13,30,25
22,9,20,40,31
41,42,28,14,31
5,24,16,17,31
14,6,26,18,35
37,26,30,17,15
45,4,30,8,6
38,17,42,3,39
35,27,5,11,3
23,30,24,26,6
6,33,41,24,43
33,12,23,17,1
30,18,14,19,26
27,3,15,33,11
39,16,38,14,32
44,30,14,23,41
42,27,43,25,1
31,20,17,35,19
4,1,45,33,40
27,32,14,19,43
26,10,17,34,1
3,10,6,40,45
12,11,18,38,8
2,35,25,30,17
22,35,42,26,41
42,5,18,10,4
5,22,44,38,6
30,23,21,26,28
21,32,44,12,29
7,4,12,38,40
42,3,41,22,17
44,28,1,8,24
1,16,12,26,43
28,25,27,19,32
3,17,34,9,43
20,4,7,31,40
43,32,8,20,24
13,5,38,33,11
36,6,33,34,26
37,8,13,25,12
19,23,15,4,8
9,42,1,27,40
13,25,32,14,9
39,17,25,40,27
44,30,36,5,31
35,39,13,7,32
22,11,39,45,9
42,1,13,14,15
26,2,5,44,28
19,22,21,32,13
45,38,41,1,44
25,41,13,12,31
44,6,25,18,41
38,31,9,18,20
5,36,27,38,40
35,28,7,29,18
13,44,10,23,14
3,15,32,14,6
12,3,42,41,24
42,40,3,43,31
9,39,1,29,41
14,38,44,16,25
26,5,15,8,38
20,41,23,2,37
14,28,23,11,13
28,17,5,13,26
1,34,41,42,9
24,13,35,4,33
22,3,37,36,39
42,38,28,15,41
6,17,33,14,1
3,19,20,40,2
8,24,42,32,4
16,29,36,12,10
13,9,42,6,32
3,10,44,27,22
16,34,41,17,11
43,38,16,1,34
29,40,1,38,15
44,13,12,42,29
18,33,45,21,6
33,7,16,35,10
6,37,32,39,41
11,32,34,21,13
6,37,26,31,35
42,18,14,38,17
26,38,27,36,39
3,37,15,21,26
37,39,31,10,7
30,19,26,34,5
24,42,27,37,21
40,3,8,26,10
14,33,39,42,34
10,14,35,1,8
34,40,4,3,21
7,42,28,43,6
28,27,20,26,25
27,17,5,34,37
36,3,21,4,13
38,4,41,32,20
31,12,3,21,16
18,13,38,6,36
36,31,34,6,43
22,27,9,34,26
17,21,36,31,8
28,32,41,8,38
1,26,41,25,19
7,18,15,36,26
6,30,7,10,16
16,23,34,12,36
2,43,27,21,33
42,11,22,34,39
30,14,43,11,42
14,44,40,36,35
45,12,35,43,4
21,42,15,17,37
38,33,32,43,44
17,39,13,41,42
3,37,34,25,6
29,26,23,42,22
7,1,23,21,44
41,1,24,45,37
7,37,27,30,15
4,11,37,6,15
26,22,17,29,24
44,45,10,15,30
28,45,25,19,38
41,9,7,45,8
33,4,21,37,13
26,27,19,35,42
1,15,21,11,18
28,25,39,44,18
30,4,21,19,8
32,13,35,20,14
22,19,3,7,35
9,3,19,32,28
28,32,2,21,3
2,26,16,13,10
31,25,24,13,41
18,20,44,28,40
26,45,3,5,43
37,29,16,27,40
12,3,9,39,23
26,36,33,23,30
24,27,13,18,23
20,29,5,36,22
21,8,17,13,7
24,4,2,27,7
23,30,37,36,11
21,23,31,26,29
25,37,31,5,10
36,5,41,7,13
29,22,32,1,28
28,40,20,33,4
45,33,32,6,13
12,7,18,11,45
37,11,45,42,17
19,4,23,11,35
6,14,1,26,45
45,17,38,32,35
10,35,29,12,37
24,11,18,14,31
42,15,26,14,17
22,43,28,21,32
3,44,2,20,7
31,15,32,37,27
35,4,39,36,27
38,7,27,43,45
26,31,33,42,41
43,32,9,5,45
7,4,6,28,41
34,29,25,14,38
42,31,24,13,45
36,44,24,33,19
43,12,25,18,41
16,25,27,8,2
1,35,2,13,39
28,5,11,30,21
21,5,15,20,30
21,9,22,41,15
29,43,38,6,25
29,21,25,7,10
40,20,32,37,1
4,41,6,1,10
45,18,41,13,2
37,43,33,28,32
27,40,35,5,14
42,26,32,19,31
42,34,1,8,14
43,24,26,37,17
25,5,40,28,29
34,19,5,6,18
32,9,21,26,40
12,16,6,7,29
10,31,16,36,4
24,34,45,27,39
44,31,14,38,13
45,8,1,5,11
6,35,34,4,2
23,8,27,24,35
43,44,28,38,26
34,13,28,32,6
19,29,13,9,35
38,12,43,11,4
26,44,22,14,6
19,11,43,45,13
34,1,33,19,24
7,5,2,1,34
2,29,10,43,14
37,16,32,3,35
32,19,22,17,18
12,19,21,27,32
37,16,24,44,21
45,27,29,1,25
28,34,23,4,42
28,2,3,35,17
8,39,15,1,41
7,35,41,22,40
1,14,44,9,20
19,11,17,30,24
32,11,18,38,21
33,25,2,41,8
37,7,45,18,1
19,23,15,42,43
31,40,4,7,24
12,20,28,33,34
36,2,35,18,37
14,42,9,38,8
27,14,35,11,6
31,26,39,11,41
30,34,15,13,20
21,24,29,20,12
27,18,22,41,35
37,14,25,4,38
21,26,38,30,28
5,32,29,1,37
20,11,12,7,26
38,26,30,8,36
20,6,11,44,41
28,23,19,20,32
36,25,23,1,13
44,4,31,32,39
39,42,8,30,17
7,16,44,25,14
16,27,22,4,38
42,6,33,21,18
29,14,38,18,6
40,38,35,4,15
1,30,40,39,20
32,39,31,26,23
12,2,37,26,30
33,15,27,11,24
26,19,44,37,28
10,12,31,16,6
35,39,38,5,31
36,9,6,26,21
39,30,8,20,28
25,3,15,33,9
27,37,11,21,30
8,27,13,5,3
28,20,26,22,9
12,25,30,31,34
28,16,42,33,38
2,28,33,12,36
3,31,26,4,45
21,26,27,23,40
21,25,19,15,12
10,41,30,40,13
27,43,16,45,1
14,35,19,36,37
45,28,10,35,38
11,6,13,26,45
8,30,17,31,34
15,28,18,12,40
17,14,11,6,16
15,42,11,7,45
2,42,15,19,43
10,43,26,2,13
37,42,39,15,17
37,38,30,12,24
13,39,16,18,15
19,40,23,29,6
3,27,26,45,42
40,3,22,26,17
33,37,35,39,45
36,18,30,25,6
14,18,30,2,3
25,32,38,3,22
24,7,14,41,8
9,28,12,11,1
34,19,40,38,28
10,44,22,11,41
43,31,9,25,11
37,1,2,13,41
24,34,3,2,23
20,19,14,17,37
38,33,43,17,18
9,19,6,31,2
10,24,32,28,4
40,36,11,31,41
45,4,30,32,23
31,1,13,36,19
24,37,35,36,27
31,24,2,43,34
39,19,29,18,10
19,16,11,34,37
43,11,23,3,17
42,18,29,7,15
13,18,6,22,31
22,24,32,17,5
26,37,2,39,4
8,35,38,33,45
9,17,18,4,43
17,42,7,10,35
10,5,33,29,40
22,38,3,15,18
23,38,1,7,34
8,28,4,10,32
26,35,43,2,11
30,43,6,3,1
22,3,23,41,43
34,2,27,17,12
16,37,13,42,31
41,34,12,1,35
17,27,42,20,34
29,40,30,7,24
7,18,6,45,10
38,37,43,3,7
35,41,2,39,8
32,24,21,45,19
43,45,26,34,9
6,38,3,1,8
45,26,30,14,32
42,13,34,1,11
18,23,11,12,5
11,43,13,4,19
30,37,5,34,16
30,32,24,34,26
26,18,28,2,17
7,29,37,25,31
13,11,9,45,8
16,44,32,21,7
11,28,26,27,2
18,3,4,27,34
11,28,44,25,4
23,42,29,2,44
13,24,43,36,26
26,14,5,17,10
6,12,40,4,2
10,12,39,19,7
37,38,31,19,25
36,15,22,45,11
16,18,22,2,24
36,1,4,9,42
20,30,7,18,15
13,45,15,26,17
2,34,12,19,17
38,7,44,30,36
19,21,11,36,12
37,12,33,44,16
12,11,17,25,41
24,12,37,14,8
28,30,18,24,34
1,41,17,35,2
31,8,32,27,5
17,16,43,41,14
23,6,20,39,3
27,12,6,33,13
14,28,23,8,29
8,24,20,45,14
15,33,24,26,44
17,45,33,10,24
39,14,29,11,38
22,6,9,10,13
42,37,8,22,25
1,3,6,32,2
11,25,12,31,36
35,32,37,7,9
2,18,26,12,4
27,25,43,2,5
41,21,9,26,2
31,20,14,30,34
10,39,22,15,11
34,8,3,35,44
3,45,34,19,23
27,10,16,18,11
32,27,37,33,3
14,1,29,15,4
38,15,2,33,37
20,31,13,44,37
22,14,16,44,10
41,20,8,23,31
35,43,13,2,36
24,28,18,34,29
7,26,11,33,42
24,8,17,39,31
31,4,44,39,6
1,37,44,15,3
3,15,24,14,32
21,38,28,5,2
42,7,11,29,23
3,18,9,21,25
31,39,32,8,20
9,3,22,11,42
37,18,13,26,1
23,32,26,34,42
39,6,23,12,7
32,35,15,5,36
36,31,7,6,14
38,31,39,13,44
22,33,11,34,38
27,35,32,43,34
4,43,23,34,21
6,21,34,28,12
39,11,21,2,13
36,35,29,21,14
8,32,28,24,23
5,8,21,37,15
34,32,28,13,40
4,11,32,17,36
32,14,2,23,24
13,1,44,40,38
22,42,36,39,17
32,5,43,29,31
25,37,14,36,5
10,9,28,8,32
12,9,14,15,16
25,35,39,40,36
24,41,40,5,30
8,30,43,10,6
39,6,26,32,3
36,24,13,22,12
16,42,33,14,11
42,32,8,23,40
34,24,3,1,25
41,4,40,23,28
24,20,16,36,38
33,21,32,41,3
2,10,18,42,22
43,14,36,18,37
43,40,2,5,25
26,41,23,18,7
26,38,20,24,22
32,44,18,31,29
44,16,29,21,36
18,28,24,22,19
27,26,24,42,13
38,31,13,44,4
40,2,45,25,39
3,1,32,37,16
23,39,31,32,6
34,21,1,13,3
41,33,22,8,40
16,19,38,22,5
12,38,8,36,21
18,30,17,24,44
21,2,41,39,36
13,21,33,23,8
10,3,32,29,21
17,26,34,1,40
32,45,13,17,35
15,25,33,39,43
12,15,1,23,31
34,41,8,11,44
36,2,17,11,32
5,15,36,2,26
4,23,40,44,9
41,10,34,42,15
26,36,23,39,9
45,9,4,44,13
4,8,37,25,26
34,21,26,20,22
21,41,13,9,22
31,11,22,36,6
5,8,23,43,14
9,10,21,15,31
25,39,27,9,33
2,41,11,6,18
37,14,18,8,23
19,38,2,15,24
34,28,15,45,11
12,10,36,2,26
27,34,45,20,36
41,6,23,39,28
39,10,25,17,44
11,35,33,17,6
1,27,14,10,4
14,36,9,2,32
21,2,33,39,1
43,42,31,41,45
25,23,16,15,2
28,26,43,25,5
27,11,16,26,20
4,22,36,5,11
26,21,34,5,18
20,28,45,25,38
43,36,14,33,6
33,3,18,11,4
44,32,9,3,28
37,22,8,41,19
15,42,38,20,22
15,13,6,25,14
6,19,21,42,40
43,44,14,27,26
45,27,7,35,16
21,31,9,10,39
30,27,11,21,23
2,37,32,31,29
22,26,17,3,9
44,22,18,26,42
42,45,3,26,29
4,7,16,27,5
26,34,8,3,45
24,12,34,40,45
41,36,28,16,2
16,32,10,43,34
37,24,12,15,6
45,24,44,14,21
15,34,13,11,40
16,44,1,2,21
8,34,36,15,12
42,1,22,33,24
13,36,2,15,14
1,34,15,30,28
34,37,17,32,11
27,10,45,31,15
13,33,10,11,1
24,31,22,12,5
23,25,11,27,16
8,39,36,41,20
34,4,32,8,21
37,12,45,28,1
2,25,10,29,39
22,36,44,27,29
20,25,37,12,27
27,12,1,4,36
31,9,3,15,6
38,25,40,17,13
12,6,43,45,38
37,6,30,1,16
19,26,15,44,29
45,36,42,6,10
23,3,22,26,19
29,39,17,30,5
4,27,22,23,42
12,2,32,5,39
13,42,38,3,24
34,40,41,8,3
11,20,7,32,10
28,33,19,18,35
3,28,19,10,1
2,7,42,25,9
13,34,31,28,12
22,24,15,3,38
20,3,12,18,13
11,1,34,42,20
7,10,27,40,43
28,38,1,20,33
30,16,7,14,26
33,16,31,5,20
44,36,17,8,28
40,23,38,6,10
45,30,15,27,9
6,17,27,35,34
37,14,11,20,36
42,44,37,11,5
20,8,45,42,7
16,9,41,24,23
18,36,2,12,31
35,37,25,34,23
1,26,7,15,2
6,19,29,35,25
41,3,10,5,21
14,38,12,16,31
27,35,41,45,18
43,27,30,44,16
23,8,42,37,18
43,32,19,33,14
42,28,19,25,34
24,37,4,7,38
23,34,40,18,28
32,29,12,41,22
35,18,24,36,12
26,41,31,5,18
35,32,17,2,41
20,44,17,32,37
2,17,37,16,5
14,24,21,7,42
37,31,16,6,8
17,41,36,31,44
45,31,1,19,10
4,7,20,32,27
32,2,20,31,41
32,23,29,13,25
8,19,6,5,33
14,28,43,24,3
32,40,23,45,29
9,45,17,23,16
5,6,8,22,3
24,30,35,42,32
41,11,18,7,5
9,20,17,23,24
10,35,6,23,3
42,43,28,27,9
26,34,32,36,10
6,5,20,12,22
19,25,7,28,14
9,39,7,44,13
19,20,36,43,12
19,35,20,32,34
3,40,38,8,37
7,2,18,21,15
34,32,7,43,30
42,5,11,37,20
11,25,40,26,14
33,3,37,41,44
37,19,40,41,23
28,21,34,39,24
2,42,38,35,40
41,43,37,29,34
8,11,41,4,33
22,34,25,15,20
21,40,34,1,17
21,4,33,9,11
42,7,27,23,10
32,45,31,6,37
21,37,25,2,28
31,4,16,2,26
37,23,27,36,20
36,31,29,41,15
8,26,16,10,33
27,45,43,12,38
41,33,17,8,40
5,40,11,45,29
22,26,41,39,29
24,45,38,11,35
31,22,13,41,2
13,38,43,22,9
41,39,24,11,3
9,38,10,11,31
18,3,28,24,1
7,28,10,22,45
11,15,22,18,41
41,21,12,13,10
16,15,18,20,24
8,43,14,36,23
21,33,17,32,37
28,39,17,43,27
17,5,31,7,28
6,5,28,10,40
39,18,45,7,3
21,26,37,42,29
14,28,40,30,8
26,14,1,28,2
31,9,29,14,1
18,39,15,6,20
31,19,25,30,33
33,17,34,29,28
23,45,3,26,38
1,20,37,36,5
33,20,3,6,43
35,14,28,25,17
17,5,19,30,1
40,21,10,11,24
36,27,30,35,44
3,32,7,12,31
17,21,4,9,25
22,35,42,38,31
23,17,30,19,1
30,40,45,12,42
43,44,38,13,22
28,16,3,41,10
27,4,9,8,36
4,28,22,23,27
5,15,40,42,30
38,17,28,9,6
1,8,22,35,6
28,26,4,40,25
16,19,21,11,24
30,26,6,19,40
13,34,44,4,5
19,30,6,16,27
33,30,5,28,32
27,11,41,39,19
36,13,6,44,28
43,18,7,16,37
27,7,36,34,28
10,33,43,16,28
7,23,28,10,24
25,24,8,45,27
17,33,10,22,13
28,15,24,41,4
28,30,16,40,36
10,20,17,34,8
8,34,20,21,37
29,30,5,33,38
13,3,22,30,14
39,15,26,38,33
5,3,44,26,7
27,22,30,45,19
19,41,37,43,5
18,15,34,11,29
16,14,24,17,1
36,22,1,15,29
39,37,23,6,10
34,15,14,16,28
11,18,44,20,40
29,34,22,13,44
31,20,22,7,19
4,15,32,27,26
5,32,11,35,23
27,13,42,1,37
30,39,29,11,40
21,3,32,18,34
5,40,35,29,16
18,43,39,27,32
40,35,33,23,13
5,32,17,30,37
15,6,13,31,39
39,12,18,40,34
14,22,45,28,41
7,17,35,12,28
31,35,37,32,39
26,7,5,33,41
36,43,12,33,28
18,31,44,22,42
10,18,9,15,11
45,37,30,42,43
28,8,45,10,43
32,15,40,37,30
21,20,31,44,42
19,23,31,30,43
16,31,35,43,4
28,44,12,8,30
15,11,5,30,2
25,32,29,22,24
21,35,39,18,44
40,35,18,32,29
38,17,2,43,30
30,44,29,4,38
29,37,23,32,42
33,16,39,43,29
7,24,42,31,27
15,8,9,5,45
4,37,43,24,30
22,2,18,8,11
35,43,40,1,4
5,31,24,20,43
6,38,34,1,26
15,39,35,4,44
9,44,37,30,36
30,20,4,19,3
42,20,23,24,40
32,40,39,25,8
43,8,34,42,29
35,2,41,26,3
16,27,42,13,31
29,26,20,27,34
29,14,16,1,34
40,45,25,4,20
3,14,8,31,44
28,1,25,22,14
23,2,3,34,39
6,16,8,24,19
3,45,8,1,37
4,23,27,33,10
16,41,33,13,21
36,34,38,43,9
37,22,15,16,33
17,35,30,16,15
43,30,14,10,9
3,9,17,44,21
43,28,18,11,8
3,27,14,5,2
43,1,3,5,34
9,20,12,2,14
40,36,44,6,38
3,18,21,12,25
45,6,17,9,20
2,29,3,40,14
25,11,22,3,45
24,15,37,44,25
9,28,20,15,1
45,1,15,23,30
3,16,17,23,40
16,21,11,6,12
33,32,36,41,7
41,42,33,2,23
1,34,27,6,30
29,10,37,27,9
17,35,13,32,38
12,6,43,24,25
6,1,32,11,43
25,11,16,12,18
23,19,9,42,26
26,5,7,21,14
15,34,33,29,10
7,30,34,19,38
14,38,21,31,22
6,7,3,39,5
34,29,13,15,7
15,8,40,11,24
13,6,8,21,38
9,17,23,1,4
22,38,42,37,16
1,18,11,37,41
5,42,18,33,45
9,1,21,41,15
41,1,27,23,42
23,29,7,38,18
42,12,26,34,36
4,18,13,40,44
30,38,12,4,40
24,30,33,27,23
26,23,43,25,21
2,12,34,18,14
29,35,8,10,41
5,35,43,30,1
33,23,8,29,37
1,43,13,4,45
29,10,37,1,5
5,30,38,19,45
20,11,30,35,6
15,40,31,32,33
6,26,45,14,37
27,36,28,1,32
31,15,5,12,25
13,5,40,16,44
26,39,20,5,25
34,38,33,37,1
30,39,19,16,41
23,39,5,30,37
40,35,3,32,36
43,7,11,41,2
23,45,4,40,38
8,40,36,45,3
33,41,38,32,27
40,11,26,5,2
10,27,28,31,35
42,3,43,10,40
14,5,41,34,42
45,20,31,39,38
19,14,18,39,41
17,44,15,26,8
11,30,37,32,44
22,21,6,25,8
12,36,24,35,27
3,11,5,39,43
11,43,12,40,30
33,14,21,29,42
45,11,1,36,14
35,37,1,20,9
6,27,18,8,22
22,32,19,39,3
7,40,4,29,31
5,26,2,40,20
30,9,7,35,6
2,20,42,29,6
10,16,27,17,4
2,7,38,21,35
30,25,42,8,14
12,45,22,26,11
31,34,29,23,8
6,20,39,30,32
43,8,33,26,13
19,7,14,1,18
15,37,39,2,26
36,18,17,45,12
20,6,10,13,4
16,37,1,13,15
31,16,18,12,14
37,18,28,14,40
32,25,37,40,12
41,43,39,14,30
28,21,30,6,32
37,9,19,14,21
35,30,23,6,27
12,24,29,30,37
41,37,21,8,11
13,9,2,37,8
6,19,9,1,39
24,39,9,14,43
39,17,26,27,37
38,17,40,37,21
40,41,27,13,35
22,10,33,24,39
4,38,29,32,6
2,32,8,15,4
34,35,24,18,22
2,19,28,9,45
28,25,4,26,5
11,26,8,35,41
6,23,30,3,45
41,4,1,19,45
25,38,5,26,39
20,26,4,41,9
2,30,35,24,32
41,24,31,16,33
41,5,23,17,7
6,35,33,11,41
40,21,14,13,28
20,27,35,17,7
45,12,21,27,13
32,16,7,20,13
38,6,32,24,23
23,7,5,11,19
24,21,39,18,13
35,20,4,19,38
39,36,17,16,10
21,14,6,27,32
17,4,11,12,34
42,25,20,15,26
44,45,5,35,39
34,36,39,30,29
23,42,18,16,31
2,12,16,23,5
5,35,6,41,38
21,2,39,5,40
5,39,30,25,15
10,15,30,41,43
34,18,17,16,23
14,45,41,40,16
23,24,17,15,42
17,37,42,30,40
39,45,7,30,28
31,23,29,12,2
35,21,22,10,39
28,3,6,45,34
12,7,42,34,32
28,38,36,45,25
33,9,13,20,37
31,37,6,30,34
24,29,25,42,34
12,43,13,44,4
37,40,35,20,36
30,10,9,19,45
14,24,18,33,44
35,9,10,17,38
33,28,29,9,4
27,30,19,12,42
36,37,41,33,8
39,3,16,45,23
44,21,25,2,12
10,27,41,26,28
10,40,4,14,21
38,30,12,35,22
1,19,28,31,38
16,11,1,7,45
10,4,13,29,42
26,21,7,11,38
44,1,12,29,20
26,37,40,43,11
15,34,8,10,13
1,27,33,16,26
14,19,35,29,26
36,15,22,41,8
25,31,12,32,33
39,8,13,35,19
40,10,21,6,15
15,28,2,9,6
44,38,32,14,9
26,33,38,36,35
37,10,39,35,31
18,12,4,17,26
9,35,1,36,25
9,19,7,8,24
22,42,13,37,45
19,2,28,45,20
26,33,2,22,9
16,44,42,39,23
5,13,44,18,27
38,24,7,25,36
30,4,31,6,24
30,16,32,27,31
32,34,43,30,2
38,40,6,37,11
1,23,44,41,19
39,42,18,14,29
12,33,29,42,23
32,42,12,25,1
11,21,15,41,31
2,40,22,9,33
33,44,13,2,38
35,44,28,15,11
12,22,11,39,37
15,21,5,18,39
25,16,28,10,42
13,21,36,25,29
29,2,31,43,33
2,16,21,36,34
32,2,15,27,22
13,5,20,32,3
25,42,11,4,5
19,4,23,26,25
2,42,29,21,44
7,21,44,18,45
37,16,12,14,44
24,28,32,21,19
12,13,17,27,35
41,24,42,2,22
39,28,14,45,7
41,27,8,36,45
1,5,6,33,39
45,6,4,41,35
20,15,28,1,14
40,33,25,23,11
27,26,35,7,43
27,23,43,1,40
27,31,45,15,12
5,28,2,10,4
18,41,31,28,7
7,29,31,12,30
39,29,17,18,7
30,7,39,5,16
14,35,24,8,26
27,16,9,38,21
14,36,10,8,31
3,34,27,22,43
43,23,25,24,8
33,20,26,36,40
28,5,36,21,43
29,28,1,18,9
27,12,31,6,24
44,15,21,41,6
31,9,19,38,30
40,22,26,16,20
15,39,40,31,43
26,3,37,21,29
43,14,11,10,40
45,36,27,29,13
20,6,24,7,2
7,9,32,37,3
3,11,25,30,17
2,13,37,5,27
12,9,4,25,22
43,13,39,16,7
10,18,9,21,5
11,8,1,39,31
21,20,39,16,3
19,8,23,15,16
13,30,2,14,8
17,36,40,15,1
35,9,16,22,30
31,41,8,16,15
17,12,40,44,30
19,9,18,7,4
9,34,39,22,3
20,3,8,33,15
33,21,29,26,37
38,6,42,36,29
25,22,5,43,11
37,29,34,15,7
38,22,18,45,4
15,21,28,30,38
11,22,44,25,32
36,43,19,24,5
24,21,31,12,8
40,18,8,22,39
35,13,6,31,30
30,42,3,1,21
26,9,24,14,25
1,43,37,21,33
30,4,31,2,7
35,24,20,18,31
14,29,13,45,4
35,8,34,11,37
9,19,23,8,4
32,20,8,38,5
28,37,34,41,31
20,17,18,29,7
17,19,39,21,30
35,31,28,3,45
40,15,7,4,26
38,41,9,32,25
34,41,21,6,29
8,13,4,10,27
13,25,5,35,34
17,25,37,5,36
16,7,1,41,30
44,24,11,42,19
19,13,34,12,37
33,17,41,12,32
18,19,3,29,22
6,28,34,7,20
22,37,5,2,17
39,32,38,34,17
28,17,24,21,30
1,39,44,32,37
30,33,18,35,34
38,39,4,12,10
42,25,31,9,44
18,10,5,6,15
37,44,3,43,23
18,44,14,43,28
1,21,27,3,18
2,11,6,36,34
7,10,43,8,4
25,5,44,24,30
34,28,30,22,4
21,11,19,27,2
16,25,23,30,4
30,39,8,44,40
21,27,41,25,34
36,25,16,19,17
13,20,42,6,35
14,30,23,22,41
34,17,44,33,21
4,30,2,20,24
5,23,22,42,32
30,20,34,37,32
21,3,31,1,25
39,23,16,9,3
4,26,39,12,38
22,6,28,9,18
5,24,18,4,26
15,20,8,22,9
38,20,25,10,1
35,15,17,41,44
8,7,29,26,15
19,40,29,13,43
44,15,6,25,10
27,31,15,20,37
31,35,4,45,36
10,7,17,37,21
18,27,28,34,37
16,39,26,34,19
42,41,43,38,19
14,30,41,26,43
38,1,10,26,36
38,12,1,43,31
31,19,18,37,16
35,28,40,38,31
10,16,19,6,35
41,40,12,27,15
22,13,10,36,1
38,39,36,26,21
13,42,19,18,8
45,24,10,26,16
15,27,12,23,8
6,29,27,44,31
39,29,9,30,36
2,37,6,33,28
11,24,27,30,40
39,7,23,45,17
35,17,43,4,7
23,43,16,22,26
19,18,35,15,26
9,22,13,39,33
36,28,1,45,31
36,6,43,42,28
15,23,9,10,13
16,9,37,44,32
21,43,31,5,22
2,11,31,34,7
9,13,18,6,35
6,22,29,45,35
15,27,1,12,9
17,45,5,1,13
2,35,32,37,38
28,38,37,3,11
1,22,36,34,29
18,37,43,21,35
10,37,44,28,31
26,35,24,2,17
43,26,5,20,6
7,15,40,16,42
36,23,28,37,29
34,2,7,12,9
14,5,7,29,10
40,3,26,23,4
10,12,37,30,45
41,26,39,21,43
20,18,23,24,41
13,8,41,39,2
45,17,29,2,9
35,24,36,42,12
27,8,41,44,10
14,29,6,4,32
17,27,34,42,2
29,18,17,32,21
1,12,15,4,26
34,8,4,32,44
25,23,19,44,20
36,18,10,11,40
20,19,5,39,23
40,22,41,26,11
44,1,9,28,22
14,11,4,22,27
20,44,28,2,26
27,39,7,24,8
32,24,1,4,6
42,27,45,38,9
12,16,14,36,37
34,35,16,1,13
1,28,7,34,33
16,10,13,6,44
2,19,13,10,3
44,6,37,35,3
17,44,43,33,4
24,30,26,2,37
7,22,28,43,18
32,35,40,31,24
31,32,29,3,39
29,24,17,4,34
45,41,16,23,28
11,39,28,3,22
33,14,38,36,32
44,43,22,36,5
29,2,20,38,34
41,34,45,14,43
17,7,28,15,13
40,16,37,32,33
31,28,44,15,4
11,43,45,32,7
28,34,22,12,25
19,10,21,2,32
42,1,32,28,23
36,35,7,43,28
35,16,29,15,20
41,38,45,11,1
29,40,39,21,33
29,4,21,20,31
32,40,37,10,5
10,14,36,26,27
6,15,4,5,10
10,36,7,12,9
43,35,30,41,37
38,27,8,17,41
18,8,3,36,32
24,12,11,9,20
26,39,8,3,44
25,13,22,37,7
24,2,13,43,33
16,39,6,44,32
31,4,1,3,33
40,8,34,26,24
3,13,43,28,38
21,38,37,18,17
3,39,26,12,43
26,7,10,18,39
21,10,38,17,2
21,18,8,33,29
44,45,21,10,13
26,5,9,3,8
41,8,11,25,14
5,10,3,43,25
14,8,33,41,32
38,10,14,12,16
37,25,39,26,32
41,30,2,45,9
37,2,11,3,9
7,13,19,5,9
40,11,43,34,31
20,29,30,33,22
15,4,11,34,7
40,1,8,21,6
10,11,43,13,26
5,34,13,41,24
32,43,9,16,44
36,10,35,38,17
44,25,4,26,11
2,6,14,36,32
6,18,33,2,12
8,33,45,2,6
13,10,36,4,37
8,27,2,41,25
17,8,10,12,9
45,5,8,28,41
6,18,2,41,23
38,32,11,31,4
34,7,22,4,31
1,29,33,16,23
14,43,10,31,32
34,8,39,12,30
11,13,21,3,34
28,43,14,6,37
42,24,29,41,9
45,31,12,34,42
2,41,32,25,15
24,45,2,14,9
38,34,42,43,23
20,12,18,45,3
8,33,7,26,45
33,21,12,16,45
31,35,39,45,10
18,29,7,35,6
22,40,13,45,37
10,19,8,45,4
41,45,39,35,1
15,6,17,18,19
18,13,27,15,1
4,31,16,21,43
29,7,22,33,21
33,23,25,37,16
3,42,43,30,37
4,14,35,7,39
38,3,15,27,33
22,6,25,14,32
43,27,34,33,8
8,3,24,43,29
17,42,20,1,19
44,42,12,9,38
37,12,41,34,5
2,27,40,8,11
1,13,14,40,6
13,42,33,23,11
35,7,11,39,44
29,36,7,23,4
6,34,21,7,1
29,35,39,6,17
22,4,17,19,43
25,38,8,16,42
3,11,41,31,7
35,30,1,7,13
31,29,18,14,19
40,19,6,5,18
26,4,5,15,32
43,19,33,37,21
45,39,35,10,11
21,29,4,22,31
12,43,31,30,9
3,9,13,45,4
42,22,7,32,5
3,33,31,22,12
13,20,10,40,33
6,27,37,28,15
5,35,17,42,7
28,24,12,43,8
22,11,27,33,14
33,11,31,13,25
3,7,14,30,26
29,16,37,41,17
34,25,40,24,5
18,26,13,17,19
4,8,17,21,39
2,45,38,28,26
15,13,23,27,30
23,45,19,38,20
26,44,17,18,19
6,32,25,34,43
21,33,12,24,10
25,43,5,36,33
5,25,38,30,16
1,10,28,16,14
32,28,13,19,45
12,2,17,22,41
42,14,11,1,5
3,10,18,13,21
21,26,38,27,23
26,33,3,20,18
27,11,38,44,7
4,41,22,9,44
4,33,40,5,24
7,23,39,35,18
33,6,3,43,26
32,22,28,5,17
15,7,32,38,30
31,5,32,7,16
20,29,44,37,45
20,41,12,40,7
30,19,37,39,6
36,28,1,14,3
34,5,28,39,22
26,37,36,13,31
26,24,27,33,17
35,1,14,21,23
44,29,17,36,14
25,40,24,43,4
27,44,21,2,31
26,11,38,32,16
9,4,31,19,15
17,23,4,43,2
18,10,11,17,44
8,22,27,23,38
2,39,22,5,7
17,19,36,30,38
29,27,12,40,31
9,31,6,13,28
25,24,15,18,8
13,2,12,5,11
38,8,2,27,44
44,14,23,25,24
7,42,9,4,45
25,31,22,20,28
16,42,30,5,27
28,34,11,41,19
38,20,21,18,16
13,29,27,41,14
20,27,22,32,5
22,31,35,37,39
18,36,5,34,25
29,6,19,16,17
31,12,21,30,37
7,24,22,31,25
2,16,32,22,11
13,11,41,32,23
15,11,42,17,20
33,37,19,12,25
44,20,21,2,31
37,21,18,36,26
13,35,34,38,18
19,17,27,29,16
27,16,25,21,8
20,37,10,33,38
18,37,44,21,34
21,16,23,36,37
12,9,5,27,43
2,26,32,27,34
9,18,33,13,24
30,14,24,21,12
17,22,12,27,21
3,4,21,36,40
10,27,42,2,22
26,43,30,29,25
20,2,18,15,33
32,38,42,26,40
32,19,2,10,24
18,32,8,37,2
34,38,43,12,35
39,32,9,16,13
41,11,21,40,20
20,18,17,21,1
38,13,28,35,32
17,41,8,45,14
8,17,6,26,45
12,17,26,24,5
19,16,18,34,22
4,35,39,13,29
2,32,28,42,18
10,11,13,31,40
23,21,40,9,36
39,38,10,33,37
21,18,34,15,16
37,21,26,7,18
16,28,17,13,43
25,31,7,27,36
28,7,34,4,30
5,36,26,10,7
8,18,42,22,39
36,23,8,12,24
45,8,32,34,18
34,6,14,13,38
9,23,41,31,11
26,33,34,6,27
19,33,29,34,37
32,13,5,36,22
30,20,27,40,29
5,12,20,23,45
11,4,31,18,32
2,3,17,24,25
7,28,37,34,43
26,39,9,13,18
24,27,2,11,44
37,40,39,35,36
4,2,45,9,23
9,5,36,44,32
9,45,2,33,20
26,18,34,36,38
23,26,40,37,43
4,8,2,13,6
8,37,13,22,19
1,9,41,19,13
26,8,34,27,15
11,42,20,30,40
30,11,35,13,33
14,18,35,7,5
16,20,4,19,29
10,12,27,19,7
11,25,26,40,17
24,34,33,45,37
24,16,37,40,20
30,19,11,21,37
6,5,29,22,8
10,38,32,17,39
38,15,41,25,12
7,24,15,6,29
30,23,22,18,35
29,34,41,44,40
38,39,24,40,29
33,9,3,8,21
36,23,42,28,32
12,7,24,3,31
8,29,16,38,28
29,5,34,40,20
19,30,31,29,5
42,31,38,23,17
16,37,40,6,1
37,29,8,40,28
12,40,28,27,18
13,40,17,12,36
27,35,19,4,5
4,7,16,29,32
30,10,24,31,15
21,37,19,44,45
34,1,7,30,22
11,39,37,6,25
19,7,29,43,27
10,36,4,29,5
30,23,10,35,34
42,1,33,5,44
14,33,41,10,7
12,21,17,33,6
33,20,15,8,16
13,21,5,8,36
37,5,33,20,35
1,4,44,28,34
9,35,33,12,2
2,33,28,42,18
23,3,12,7,41
25,19,30,24,42
6,25,40,19,38
7,26,10,44,14
14,44,2,10,30
39,19,40,7,10
2,24,8,42,35
11,21,27,38,19
8,17,20,31,5
31,35,19,14,25
26,35,24,38,17
29,14,12,23,6
40,34,41,5,27
20,11,32,2,42
26,6,39,28,44
26,19,38,10,18
28,34,7,12,1
33,8,31,39,23
7,17,24,22,25
12,10,23,11,5
5,17,34,24,21
5,35,43,29,13
2,16,31,19,43
23,35,20,2,16
13,41,21,9,26
41,23,39,3,38
24,16,7,41,40
26,22,17,4,5
17,42,6,15,1
34,29,18,33,36
15,7,23,34,40
25,22,28,5,23
21,3,6,35,5
6,18,22,36,24
43,18,17,8,19
37,16,11,14,43
15,36,21,25,8
9,16,12,6,3
27,8,21,29,4
41,31,8,20,42
45,2,21,35,44
36,25,18,34,4
9,16,29,12,27
33,5,20,22,43
22,45,31,29,42
13,24,16,40,10
11,27,45,40,29
43,10,44,45,33
14,45,29,16,26
14,31,42,39,37
25,6,40,23,29
40,23,19,39,3
40,7,25,8,18
26,28,15,43,13
33,19,32,10,34
43,19,14,17,13
2,27,39,25,20
36,44,25,40,18
45,19,25,5,8
28,33,35,27,21
19,24,29,17,35
13,19,5,18,37
2,41,27,12,36
30,34,19,43,18
6,27,14,3,12
12,19,18,25,22
32,10,9,12,20
20,43,29,41,44
38,4,18,16,24
29,36,7,3,25
27,21,34,32,41
34,40,26,15,36
42,28,41,26,15
19,34,10,24,45
31,26,19,14,44
37,1,5,23,20
40,13,14,37,5
24,32,6,2,4
26,22,37,25,29
15,31,28,10,9
24,18,25,28,39
22,40,17,8,36
37,24,13,23,28
24,17,15,14,9
17,37,20,36,2
2,32,22,13,15
4,37,3,20,27
26,1,34,35,15
25,41,18,45,3
37,20,13,36,21
30,13,1,12,38
35,5,9,14,33
32,18,37,24,22
7,6,16,45,35
27,39,30,18,22
40,23,2,17,29
23,34,20,41,18
38,36,42,11,10
1,42,41,28,37
24,20,23,35,38
15,36,23,2,37
34,38,1,29,27
1,9,21,11,20
16,2,22,32,29
24,26,33,5,7
25,1,28,19,43
3,40,4,38,11
11,35,36,16,7
23,44,5,1,33
26,10,42,4,1
18,9,20,29,37
4,18,2,16,41
26,16,11,15,29
41,28,5,10,27
1,37,12,38,30
1,11,16,7,33
44,8,7,35,39
26,29,8,7,17
17,22,12,7,36
12,45,3,34,40
15,41,10,6,40
45,14,9,42,23
20,44,36,41,8
36,7,31,13,23
8,36,1,15,42
40,27,11,24,33
14,39,31,15,42
21,42,5,9,20
45,39,18,44,41
1,37,17,35,2
34,4,36,20,16
18,31,10,42,11
39,10,12,45,3
27,28,39,45,9
23,27,19,13,12
19,29,17,35,16
29,32,36,13,5
27,2,32,41,1
8,1,15,14,44
3,16,31,10,12
41,25,35,26,27
12,25,27,44,1
29,28,3,26,2
45,23,6,29,13
14,40,12,20,3
45,29,41,24,40
14,11,35,19,25
41,34,13,43,7
9,43,3,4,16
27,17,25,7,23
31,32,14,18,26
30,18,1,27,41
11,24,22,30,36
17,25,36,22,42
43,14,19,11,5
36,20,21,2,23
32,11,36,26,14
39,16,31,18,17
11,23,38,7,18
26,21,40,15,31
44,39,14,19,29
32,39,43,31,28
43,14,25,19,39
21,39,41,17,23
3,36,13,42,45
21,3,16,23,28
14,19,17,33,16
14,39,5,9,23
14,29,39,3,45
16,31,41,32,26
2,34,41,32,15
13,1,9,19,5
38,21,33,25,35
22,13,29,25,9
1,9,20,44,5
7,13,28,29,39
32,37,23,44,24
44,34,40,41,25
23,35,40,15,10
39,16,27,17,19
26,35,25,12,44
19,25,23,14,42
4,13,39,19,15
15,45,31,19,44
41,38,16,1,20
19,12,37,27,17
15,18,29,12,39
43,38,14,19,23
27,14,31,30,34
18,8,28,21,36
13,34,38,17,4
20,23,30,19,41
40,35,24,21,22
15,3,38,32,19
31,11,22,2,28
32,6,19,30,27
3,40,15,19,45
7,14,31,44,18
31,18,42,30,2
5,37,42,11,6
18,6,28,23,35
10,31,11,44,36
24,6,23,2,42
32,18,12,5,20